"Student";"Subject";"Y_sub";"SelfPerf_su";"Item"
1;5;2;3;1
2;5;2;4;1
3;5;1;3;1
4;5;3;4;1
5;5;4;3;1
6;5;4;4;1
7;5;3;4;1
8;5;3;3;1
9;5;3;4;1
10;5;3;4;1
11;5;3;3;1
12;5;3;3;1
13;5;4;5;1
14;11;4;4;1
15;11;3;3;1
16;11;4;4;1
17;11;4;4;1
18;11;3;4;1
19;11;4;4;1
20;11;4;3;1
21;11;3;4;1
22;11;2;4;1
23;11;2;4;1
24;11;4;4;1
25;11;3;4;1
26;12;3;4;1
27;12;3;3;1
28;12;4;4;1
29;12;4;4;1
30;12;3;4;1
31;12;3;4;1
32;12;4;4;1
33;12;3;3;1
34;12;3;4;1
35;12;4;4;1
36;12;4;4;1
37;12;4;3;1
38;14;3;3;1
39;14;2;4;1
40;14;3;4;1
41;14;3;4;1
42;14;2;3;1
43;14;4;3;1
44;14;3;4;1
45;14;3;4;1
46;14;3;3;1
47;14;3;4;1
48;14;2;4;1
49;14;3;4;1
50;14;3;4;1
51;14;4;4;1
52;14;3;4;1
53;14;3;4;1
54;34;3;3;1
55;34;4;4;1
56;34;4;3;1
57;34;4;4;1
58;34;3;4;1
59;34;3;3;1
60;46;4;4;1
61;46;4;4;1
62;46;3;4;1
63;46;3;4;1
64;46;3;4;1
65;46;3;4;1
66;46;3;4;1
67;46;4;4;1
68;46;3;3;1
69;46;4;2;1
70;46;3;4;1
71;46;3;4;1
72;46;4;4;1
73;46;2;1;1
74;46;4;3;1
75;46;4;3;1
76;46;3;4;1
77;46;2;3;1
78;46;3;4;1
79;46;4;4;1
80;56;3;4;1
81;56;4;4;1
82;56;4;4;1
83;56;4;4;1
84;56;3;4;1
85;56;4;3;1
86;75;2;4;1
87;75;3;4;1
88;75;3;5;1
89;75;4;5;1
90;75;4;4;1
91;75;4;4;1
92;75;2;4;1
93;75;4;4;1
94;75;2;4;1
95;75;2;4;1
96;75;4;4;1
97;75;4;5;1
98;75;4;5;1
99;75;4;4;1
100;75;3;4;1
101;75;4;5;1
102;75;4;4;1
103;75;3;4;1
104;76;4;4;1
105;76;3;4;1
106;76;3;4;1
107;76;4;5;1
108;76;3;4;1
109;76;4;4;1
110;76;4;5;1
111;76;2;4;1
112;76;4;4;1
113;76;4;4;1
114;76;4;3;1
115;76;4;4;1
116;76;3;4;1
117;76;4;5;1
118;76;4;4;1
119;76;3;4;1
120;76;3;4;1
121;83;4;4;1
122;83;4;5;1
123;83;4;4;1
124;83;4;4;1
125;83;4;5;1
126;2;3;3;1
127;2;4;3;1
128;2;4;4;1
129;2;4;4;1
130;2;3;3;1
131;2;3;4;1
132;2;4;3;1
133;2;3;3;1
134;27;4;4;1
135;27;3;4;1
136;27;4;4;1
137;27;4;4;1
138;27;4;3;1
139;27;3;4;1
140;27;4;4;1
141;27;4;5;1
142;27;4;4;1
143;27;4;3;1
144;27;3;4;1
145;72;4;3;1
146;72;3;4;1
147;72;4;4;1
148;72;2;4;1
149;72;4;4;1
150;72;2;4;1
151;72;4;4;1
152;72;4;5;1
153;72;4;5;1
154;72;3;3;1
155;72;2;3;1
156;72;4;3;1
157;72;4;4;1
158;72;4;4;1
159;72;4;4;1
160;72;3;5;1
161;73;3;4;1
162;73;4;4;1
163;73;4;5;1
164;73;4;5;1
165;73;4;3;1
166;73;2;4;1
167;73;3;4;1
168;73;4;4;1
169;73;4;4;1
170;73;4;4;1
171;73;4;5;1
172;79;4;4;1
173;79;3;4;1
174;79;4;4;1
175;79;4;4;1
176;79;2;4;1
177;79;4;3;1
178;79;3;3;1
179;79;3;4;1
180;79;3;4;1
181;79;4;4;1
182;79;3;4;1
183;79;2;3;1
184;81;4;4;1
185;81;4;5;1
186;81;3;3;1
187;81;4;4;1
188;81;3;4;1
189;82;4;4;1
190;82;4;4;1
191;82;3;4;1
192;82;4;4;1
193;82;4;5;1
194;82;4;4;1
195;82;4;4;1
196;82;3;5;1
197;82;4;3;1
198;82;4;4;1
199;96;4;5;1
200;96;4;4;1
201;96;4;4;1
202;96;4;4;1
203;96;4;5;1
204;96;4;5;1
205;96;4;4;1
206;96;2;3;1
207;96;4;4;1
208;96;4;5;1
209;96;3;2;1
210;96;3;4;1
211;96;4;4;1
212;96;3;4;1
213;96;4;4;1
214;96;4;3;1
215;96;3;4;1
216;96;3;4;1
217;97;4;4;1
218;97;4;4;1
219;97;2;4;1
220;97;2;4;1
221;97;4;4;1
222;97;1;4;1
223;97;4;5;1
224;97;3;4;1
225;97;4;4;1
226;98;4;4;1
227;98;4;4;1
228;98;4;4;1
229;98;4;4;1
230;98;4;5;1
231;98;4;4;1
232;98;4;5;1
233;98;4;3;1
234;98;3;4;1
235;110;3;3;1
236;110;2;4;1
237;110;4;4;1
238;110;2;3;1
239;110;4;2;1
240;110;4;3;1
241;110;3;4;1
242;111;4;3;1
243;111;4;4;1
244;111;3;4;1
245;111;4;4;1
246;111;3;5;1
247;111;4;3;1
248;111;3;2;1
249;111;4;3;1
250;111;3;3;1
251;111;3;4;1
252;111;3;4;1
253;111;4;3;1
254;111;3;4;1
255;111;3;4;1
256;111;4;4;1
257;111;4;4;1
258;111;4;4;1
259;111;4;4;1
260;111;4;5;1
261;111;4;5;1
262;112;4;3;1
263;112;3;5;1
264;112;4;5;1
265;112;2;4;1
266;112;2;4;1
267;112;4;5;1
268;112;4;4;1
269;112;3;4;1
270;112;3;4;1
271;112;3;4;1
272;112;4;4;1
273;112;4;4;1
274;112;4;5;1
275;112;4;4;1
276;112;3;4;1
277;113;4;4;1
278;113;4;4;1
279;113;3;5;1
280;113;4;5;1
281;113;3;4;1
282;113;4;4;1
283;113;4;4;1
284;113;4;3;1
285;113;2;4;1
286;113;3;2;1
287;113;4;4;1
288;113;4;4;1
289;115;4;3;1
290;115;3;4;1
291;115;4;4;1
292;115;4;3;1
293;115;3;4;1
294;115;4;4;1
295;115;3;3;1
296;115;4;3;1
297;116;4;4;1
298;116;2;4;1
299;116;3;3;1
300;116;4;4;1
301;116;4;4;1
302;116;3;4;1
303;116;4;4;1
304;116;4;4;1
305;116;4;4;1
306;116;4;4;1
307;116;4;4;1
308;116;4;3;1
309;7;3;4;1
310;7;4;5;1
311;7;2;4;1
312;7;4;4;1
313;7;3;4;1
314;7;4;5;1
315;7;3;4;1
316;7;4;4;1
317;7;4;5;1
318;15;4;3;1
319;15;4;3;1
320;15;4;4;1
321;15;4;4;1
322;15;4;4;1
323;15;4;5;1
324;15;4;4;1
325;15;4;4;1
326;15;3;3;1
327;15;4;4;1
328;15;4;3;1
329;15;4;3;1
330;15;4;4;1
331;15;4;4;1
332;15;4;4;1
333;15;4;4;1
334;15;4;4;1
335;15;4;4;1
336;15;3;3;1
337;15;4;4;1
338;17;3;4;1
339;17;4;4;1
340;17;3;3;1
341;17;4;4;1
342;17;4;4;1
343;17;4;5;1
344;17;3;3;1
345;17;4;5;1
346;17;4;4;1
347;17;3;4;1
348;17;4;4;1
349;17;4;5;1
350;17;4;4;1
351;17;4;5;1
352;17;3;4;1
353;17;4;5;1
354;17;3;3;1
355;17;4;4;1
356;18;4;4;1
357;18;4;4;1
358;18;4;4;1
359;18;4;4;1
360;18;4;4;1
361;18;4;5;1
362;18;2;4;1
363;18;3;5;1
364;18;3;5;1
365;18;4;4;1
366;18;4;4;1
367;18;4;4;1
368;18;4;4;1
369;18;4;5;1
370;18;4;5;1
371;18;2;4;1
372;18;3;5;1
373;18;3;5;1
374;19;4;4;1
375;19;4;3;1
376;19;4;4;1
377;19;4;4;1
378;19;4;4;1
379;19;4;5;1
380;19;4;4;1
381;19;4;4;1
382;19;4;3;1
383;19;4;4;1
384;19;4;4;1
385;19;4;4;1
386;19;4;5;1
387;19;4;4;1
388;84;3;4;1
389;84;4;4;1
390;84;4;4;1
391;84;4;5;1
392;84;4;4;1
393;84;4;4;1
394;99;3;4;1
395;99;4;4;1
396;99;4;4;1
397;99;1;4;1
398;99;2;3;1
399;99;3;4;1
400;99;3;4;1
401;99;2;5;1
402;99;3;5;1
403;99;4;5;1
404;99;2;3;1
405;99;3;4;1
406;99;3;4;1
407;99;2;5;1
408;99;3;5;1
409;99;4;5;1
410;99;3;4;1
411;99;4;4;1
412;99;4;4;1
413;99;1;4;1
414;119;4;3;1
415;119;4;4;1
416;119;4;4;1
417;119;4;4;1
418;119;4;4;1
419;119;4;4;1
420;119;4;3;1
421;119;4;4;1
422;119;4;4;1
423;119;4;4;1
424;119;4;4;1
425;119;4;4;1
426;121;4;3;1
427;121;4;4;1
428;121;4;5;1
429;121;2;4;1
430;121;3;4;1
431;121;4;4;1
432;121;4;4;1
433;121;4;4;1
434;121;4;4;1
435;121;4;4;1
436;121;3;4;1
437;121;4;4;1
438;121;4;3;1
439;121;2;4;1
440;121;4;4;1
441;121;4;4;1
442;121;4;4;1
443;121;4;4;1
444;21;4;3;1
445;21;3;3;1
446;21;4;3;1
447;21;4;3;1
448;21;4;4;1
449;21;2;3;1
450;21;3;4;1
451;22;4;3;1
452;22;4;3;1
453;22;4;3;1
454;22;4;4;1
455;22;4;3;1
456;22;4;3;1
457;22;4;4;1
458;22;4;4;1
459;22;3;4;1
460;22;4;3;1
461;22;4;4;1
462;22;4;4;1
463;22;4;4;1
464;22;3;2;1
465;22;4;2;1
466;23;4;4;1
467;23;4;5;1
468;23;4;4;1
469;23;3;3;1
470;23;3;4;1
471;23;3;4;1
472;23;4;5;1
473;24;4;3;1
474;24;3;4;1
475;24;3;4;1
476;24;4;5;1
477;24;4;4;1
478;24;4;4;1
479;24;4;3;1
480;24;3;4;1
481;24;4;4;1
482;24;3;4;1
483;24;4;4;1
484;24;3;2;1
485;24;3;4;1
486;24;2;3;1
487;24;2;3;1
488;24;4;3;1
489;24;3;4;1
490;24;4;4;1
491;31;4;4;1
492;31;4;5;1
493;31;4;4;1
494;31;3;4;1
495;31;4;4;1
496;31;4;4;1
497;31;4;5;1
498;36;3;3;1
499;36;2;3;1
500;36;4;3;1
501;36;4;3;1
502;36;4;3;1
503;36;4;4;1
504;36;4;4;1
505;44;4;5;1
506;44;2;4;1
507;44;4;4;1
508;44;4;4;1
509;44;4;5;1
510;44;4;3;1
511;44;3;4;1
512;44;4;4;1
513;44;4;4;1
514;44;4;4;1
515;44;4;4;1
516;44;4;3;1
517;44;4;4;1
518;49;2;4;1
519;49;4;4;1
520;49;3;4;1
521;49;3;4;1
522;49;3;4;1
523;49;3;4;1
524;49;2;1;1
525;49;3;4;1
526;49;3;4;1
527;49;3;4;1
528;49;3;4;1
529;49;4;4;1
530;49;2;4;1
531;49;3;4;1
532;49;3;4;1
533;49;3;4;1
534;49;2;1;1
535;49;3;4;1
536;49;3;4;1
537;49;3;4;1
538;60;3;4;1
539;60;3;4;1
540;60;2;5;1
541;60;4;3;1
542;60;2;4;1
543;60;4;4;1
544;60;4;4;1
545;60;3;3;1
546;61;3;3;1
547;61;4;4;1
548;61;3;4;1
549;61;4;4;1
550;61;4;5;1
551;61;3;3;1
552;61;4;4;1
553;62;3;4;1
554;62;4;5;1
555;62;2;3;1
556;62;2;3;1
557;62;2;4;1
558;62;4;4;1
559;62;4;5;1
560;62;3;5;1
561;62;2;3;1
562;62;3;3;1
563;62;4;4;1
564;62;4;5;1
565;62;4;5;1
566;62;4;5;1
567;62;4;5;1
568;63;4;3;1
569;63;4;4;1
570;63;4;3;1
571;63;3;3;1
572;63;4;3;1
573;63;4;4;1
574;63;4;5;1
575;63;3;5;1
576;64;4;4;1
577;64;3;3;1
578;64;4;5;1
579;64;3;3;1
580;64;3;3;1
581;64;4;4;1
582;64;4;3;1
583;64;4;4;1
584;64;4;4;1
586;64;4;4;1
587;64;4;5;1
588;64;4;3;1
589;64;4;3;1
590;64;4;4;1
591;64;4;3;1
592;64;3;4;1
593;65;4;4;1
594;65;3;4;1
595;65;4;3;1
596;65;4;4;1
597;65;4;5;1
598;65;2;3;1
599;65;2;4;1
600;66;4;5;1
601;66;3;4;1
602;66;4;3;1
603;66;4;5;1
604;66;4;5;1
605;66;3;3;1
606;66;4;4;1
607;66;3;4;1
608;67;2;4;1
609;67;3;5;1
610;67;3;5;1
611;67;3;5;1
612;67;4;5;1
613;67;3;3;1
614;67;4;4;1
615;67;4;4;1
616;67;4;4;1
617;67;3;4;1
618;67;4;4;1
619;68;4;4;1
620;68;4;4;1
621;68;4;4;1
622;68;1;4;1
623;68;4;5;1
624;68;4;5;1
625;68;3;4;1
626;68;4;4;1
627;68;4;4;1
628;68;3;4;1
629;68;4;4;1
630;68;4;4;1
631;68;3;4;1
632;68;4;4;1
633;69;4;4;1
634;69;4;4;1
635;69;4;4;1
636;69;3;4;1
637;69;2;4;1
638;69;3;4;1
639;69;4;5;1
640;69;4;4;1
641;69;4;2;1
642;69;3;3;1
643;69;3;4;1
644;69;4;4;1
645;69;4;4;1
646;69;4;4;1
647;69;4;4;1
648;89;4;4;1
649;89;4;4;1
650;89;3;4;1
651;89;4;5;1
652;89;4;5;1
653;89;4;5;1
654;89;4;4;1
655;94;4;4;1
656;94;2;4;1
657;94;3;4;1
658;94;3;4;1
659;94;4;5;1
660;94;1;4;1
661;106;4;5;1
662;106;3;5;1
663;106;4;5;1
664;106;3;5;1
665;106;4;5;1
666;106;4;3;1
667;117;3;5;1
668;117;4;4;1
669;117;4;4;1
670;117;3;4;1
671;117;4;4;1
672;118;4;4;1
673;118;4;5;1
674;118;4;4;1
675;118;4;3;1
676;118;4;4;1
677;118;4;4;1
678;118;4;4;1
679;118;4;5;1
680;118;3;3;1
681;118;4;4;1
682;118;4;5;1
683;118;3;5;1
684;20;3;4;1
685;20;3;5;1
686;20;3;4;1
687;20;3;3;1
688;20;2;4;1
689;20;2;4;1
690;20;2;4;1
691;20;2;4;1
692;20;3;4;1
693;20;3;4;1
694;28;4;4;1
695;28;3;4;1
696;28;4;5;1
697;28;2;5;1
698;28;4;5;1
699;28;3;4;1
700;28;2;5;1
701;30;3;4;1
702;30;3;3;1
703;30;4;4;1
704;30;3;2;1
705;30;3;3;1
706;30;4;3;1
707;30;3;4;1
708;30;3;4;1
709;30;3;2;1
710;30;4;2;1
711;30;3;4;1
712;38;4;4;1
713;38;3;4;1
714;38;2;5;1
715;38;3;5;1
716;38;4;5;1
717;38;4;4;1
718;39;2;4;1
719;39;4;5;1
720;39;3;4;1
721;39;2;4;1
722;39;2;4;1
723;40;4;4;1
724;40;4;4;1
725;40;3;4;1
726;40;4;4;1
727;40;3;4;1
728;40;3;4;1
729;40;2;2;1
730;40;2;3;1
731;40;4;4;1
732;40;3;4;1
733;40;3;4;1
734;40;3;4;1
735;40;3;3;1
736;40;4;3;1
737;40;4;4;1
738;40;4;3;1
739;41;3;4;1
740;41;3;4;1
741;41;4;4;1
742;41;3;4;1
743;41;4;4;1
744;41;4;4;1
745;42;4;4;1
746;42;3;4;1
747;42;4;4;1
748;42;4;5;1
749;42;4;4;1
750;42;4;3;1
751;42;3;4;1
752;42;4;4;1
753;42;4;4;1
754;45;3;5;1
755;45;2;3;1
756;45;4;5;1
757;45;4;5;1
758;50;4;4;1
759;50;3;4;1
760;50;2;4;1
761;50;4;5;1
762;50;4;4;1
763;50;3;4;1
764;50;2;4;1
765;50;3;4;1
766;50;3;4;1
767;57;4;4;1
768;57;4;4;1
769;57;4;5;1
770;57;2;4;1
771;57;4;4;1
772;70;4;4;1
773;70;4;4;1
774;70;3;5;1
775;70;3;5;1
776;70;3;4;1
777;70;3;4;1
778;70;3;5;1
779;70;4;4;1
780;70;4;4;1
781;70;3;5;1
782;70;3;5;1
783;70;3;4;1
784;70;3;4;1
785;70;3;5;1
786;74;3;4;1
787;74;3;4;1
788;74;4;4;1
789;74;4;4;1
790;74;4;3;1
791;74;3;3;1
792;74;3;4;1
793;74;4;4;1
794;74;3;4;1
795;74;4;4;1
796;74;4;2;1
797;74;4;4;1
798;74;4;4;1
799;74;4;3;1
800;74;4;4;1
801;74;4;4;1
802;74;4;4;1
803;77;3;4;1
804;77;4;4;1
805;77;3;4;1
806;77;3;5;1
807;77;2;4;1
808;78;4;3;1
809;78;4;4;1
810;78;4;5;1
811;78;4;4;1
812;78;4;4;1
813;78;4;4;1
814;78;4;4;1
815;78;4;4;1
816;78;4;4;1
817;78;4;5;1
818;78;4;5;1
819;78;4;4;1
820;78;4;4;1
821;78;4;4;1
822;78;4;4;1
823;78;4;4;1
824;78;4;4;1
825;78;4;4;1
826;85;3;4;1
827;85;3;4;1
828;85;2;4;1
829;85;4;3;1
830;85;4;3;1
831;85;3;4;1
832;85;1;4;1
833;85;3;4;1
834;85;3;4;1
835;85;3;4;1
836;85;3;4;1
837;85;3;4;1
838;86;3;4;1
839;86;4;4;1
840;86;4;4;1
841;86;3;5;1
842;86;3;4;1
843;86;3;4;1
844;87;4;4;1
845;87;3;4;1
846;87;4;4;1
847;87;3;4;1
848;87;3;4;1
849;87;4;4;1
850;87;4;4;1
851;87;4;3;1
852;87;4;5;1
853;87;3;4;1
854;101;4;4;1
855;101;4;5;1
856;101;4;4;1
857;101;4;4;1
858;101;4;4;1
859;101;4;5;1
860;101;4;5;1
861;101;4;4;1
862;101;3;4;1
863;101;4;5;1
864;101;4;5;1
865;101;4;5;1
866;101;4;4;1
867;101;4;5;1
868;123;4;4;1
869;123;3;4;1
870;123;4;4;1
871;123;4;4;1
872;123;4;5;1
873;123;4;5;1
874;123;4;4;1
875;123;4;4;1
876;123;4;4;1
877;123;3;4;1
878;123;4;4;1
879;123;4;5;1
880;123;4;4;1
881;123;4;4;1
882;123;4;5;1
883;123;4;5;1
884;123;4;4;1
885;6;4;4;1
886;6;2;4;1
887;6;3;4;1
888;6;2;4;1
889;6;4;4;1
890;6;3;5;1
891;6;2;4;1
892;6;4;3;1
893;6;4;5;1
894;6;2;4;1
895;6;3;5;1
896;6;4;4;1
897;6;3;4;1
898;8;2;4;1
899;8;3;5;1
900;8;4;5;1
901;8;2;4;1
902;8;3;3;1
903;9;3;4;1
904;9;4;4;1
905;9;4;5;1
906;9;4;4;1
907;9;4;4;1
908;9;4;3;1
909;9;3;4;1
910;9;4;4;1
911;9;4;4;1
912;9;4;4;1
913;9;3;4;1
914;9;4;4;1
915;9;3;4;1
916;10;3;3;1
917;10;4;4;1
918;10;4;4;1
919;10;4;4;1
920;10;4;4;1
921;10;3;3;1
922;10;3;4;1
923;26;3;5;1
924;26;4;4;1
925;26;4;4;1
926;26;4;3;1
927;26;4;4;1
928;26;4;4;1
929;26;4;5;1
930;26;4;4;1
931;26;4;5;1
932;26;4;4;1
933;26;4;4;1
934;26;4;5;1
935;26;4;5;1
936;26;3;3;1
937;26;4;4;1
938;26;3;4;1
939;35;4;4;1
940;35;3;4;1
941;35;3;4;1
942;35;3;3;1
943;35;3;3;1
944;35;2;4;1
945;35;3;4;1
946;35;3;4;1
947;35;3;5;1
948;35;3;4;1
949;35;2;4;1
950;35;4;4;1
951;35;4;5;1
952;35;2;4;1
953;35;3;3;1
954;35;4;4;1
955;35;4;4;1
956;35;4;4;1
957;37;3;4;1
958;37;3;4;1
959;37;3;5;1
960;37;2;3;1
961;37;1;4;1
962;48;2;4;1
963;48;4;4;1
964;48;3;4;1
965;48;3;4;1
966;48;3;4;1
967;48;3;4;1
968;48;3;4;1
969;48;4;4;1
970;48;3;4;1
971;51;3;3;1
972;51;3;3;1
973;51;3;4;1
974;51;4;4;1
975;51;4;4;1
976;51;4;4;1
977;51;2;4;1
978;51;4;4;1
979;51;4;4;1
980;51;4;4;1
981;51;4;4;1
982;51;4;5;1
983;51;2;4;1
984;58;3;4;1
985;58;1;1;1
986;58;3;4;1
987;58;1;4;1
988;58;3;4;1
989;58;4;4;1
990;58;3;4;1
991;58;1;1;1
992;58;2;4;1
993;58;1;4;1
994;58;2;4;1
995;58;3;4;1
996;58;4;4;1
997;58;3;4;1
998;58;3;5;1
999;58;4;5;1
1000;58;4;4;1
1001;58;3;4;1
1002;58;1;2;1
1003;100;4;3;1
1004;100;4;4;1
1005;100;3;3;1
1006;100;4;4;1
1007;100;4;4;1
1008;100;4;4;1
1009;100;4;5;1
1010;100;4;5;1
1011;100;4;4;1
1012;100;3;4;1
1013;100;4;4;1
1014;100;4;3;1
1015;100;3;4;1
1016;100;4;5;1
1017;100;3;4;1
1018;100;4;5;1
1019;100;4;4;1
1020;100;4;4;1
1021;100;3;5;1
1022;100;3;4;1
1023;122;4;3;1
1024;122;3;4;1
1025;122;4;4;1
1026;122;4;5;1
1027;122;3;3;1
1028;122;4;3;1
1029;122;2;4;1
1030;122;3;4;1
1031;122;1;4;1
1032;122;4;5;1
1033;122;3;3;1
1034;122;2;4;1
1035;122;3;5;1
1036;122;2;3;1
1037;122;3;3;1
1038;122;2;3;1
1039;122;4;4;1
1040;122;3;4;1
1041;1;3;4;1
1042;1;4;5;1
1043;1;4;4;1
1044;1;4;3;1
1045;1;2;4;1
1046;1;4;4;1
1047;1;4;4;1
1048;1;4;5;1
1049;1;4;5;1
1050;1;3;4;1
1051;3;4;4;1
1052;3;3;4;1
1053;3;4;4;1
1054;3;4;5;1
1055;3;4;4;1
1056;3;3;3;1
1057;3;4;4;1
1058;3;4;4;1
1059;4;3;3;1
1060;4;4;3;1
1061;4;4;5;1
1062;4;3;3;1
1063;4;2;3;1
1064;4;4;3;1
1065;4;4;4;1
1066;4;4;3;1
1067;4;4;3;1
1068;4;3;3;1
1069;29;4;4;1
1070;29;4;4;1
1071;29;4;4;1
1072;29;4;4;1
1073;29;2;4;1
1074;43;3;4;1
1075;43;3;3;1
1076;43;3;3;1
1077;43;2;4;1
1078;43;4;4;1
1079;43;4;4;1
1080;43;4;3;1
1081;43;4;4;1
1082;47;3;3;1
1083;47;3;4;1
1084;47;3;3;1
1085;47;4;5;1
1086;47;3;4;1
1087;47;3;4;1
1088;47;3;2;1
1089;47;4;3;1
1090;47;1;4;1
1091;47;2;3;1
1092;47;4;5;1
1093;47;3;4;1
1094;52;3;3;1
1095;52;4;5;1
1096;52;4;3;1
1097;52;4;4;1
1098;52;3;4;1
1099;52;4;4;1
1100;52;4;4;1
1101;52;4;3;1
1102;52;3;3;1
1103;52;4;3;1
1104;52;3;3;1
1105;52;4;4;1
1106;52;4;4;1
1107;52;3;5;1
1108;52;4;4;1
1109;52;2;3;1
1110;52;4;2;1
1111;52;4;4;1
1112;59;2;3;1
1113;59;3;2;1
1114;59;3;4;1
1115;59;2;3;1
1116;59;3;3;1
1117;59;3;3;1
1118;59;4;4;1
1119;59;3;4;1
1120;59;4;3;1
1121;59;3;3;1
1122;59;2;3;1
1123;59;4;3;1
1124;59;2;3;1
1125;59;3;4;1
1126;80;3;4;1
1127;80;3;2;1
1128;80;4;4;1
1129;80;3;4;1
1130;80;4;4;1
1131;80;4;4;1
1132;103;3;4;1
1133;103;4;5;1
1134;103;2;4;1
1135;103;4;4;1
1136;103;4;4;1
1137;103;4;5;1
1138;107;2;4;1
1139;107;4;3;1
1140;107;4;3;1
1141;107;4;5;1
1142;107;4;5;1
1143;107;4;5;1
1144;107;4;5;1
1145;107;4;4;1
1146;107;4;4;1
1147;107;4;5;1
1148;107;4;5;1
1149;108;4;4;1
1150;108;3;3;1
1151;108;4;3;1
1152;108;4;4;1
1153;108;4;3;1
1154;108;3;4;1
1155;108;4;5;1
1156;108;4;4;1
1157;108;2;2;1
1158;108;4;4;1
1159;109;4;5;1
1160;109;4;4;1
1161;109;3;4;1
1162;109;4;4;1
1163;109;4;3;1
1164;109;4;4;1
1165;114;2;4;1
1166;114;3;5;1
1167;114;4;3;1
1168;114;2;4;1
1169;114;4;4;1
1170;114;4;4;1
1171;114;4;4;1
1172;114;2;4;1
1173;114;4;4;1
1174;120;4;5;1
1175;120;4;4;1
1176;120;1;4;1
1177;120;3;4;1
1178;120;3;3;1
1179;120;3;4;1
1180;120;4;4;1
1181;120;4;4;1
1182;120;3;4;1
1183;120;4;4;1
1184;120;4;4;1
1185;33;4;4;1
1186;33;2;5;1
1187;33;3;4;1
1188;33;4;4;1
1189;33;4;4;1
1190;33;2;4;1
1191;33;2;5;1
1192;33;4;5;1
1193;95;3;4;1
1194;95;2;3;1
1195;95;4;3;1
1196;95;4;4;1
1197;95;4;4;1
1198;95;4;4;1
1199;95;3;4;1
1200;95;2;4;1
1201;95;3;3;1
1202;95;4;3;1
1203;95;3;5;1
1204;95;4;3;1
1205;95;1;2;1
1206;95;3;3;1
1207;95;4;4;1
1208;13;1;4;1
1209;13;3;4;1
1210;13;3;4;1
1211;13;4;4;1
1212;13;4;4;1
1213;13;3;4;1
1214;13;3;4;1
1215;13;1;4;1
1216;13;3;4;1
1217;13;4;4;1
1218;13;4;4;1
1219;13;3;4;1
1220;13;1;4;1
1221;13;3;4;1
1222;13;3;4;1
1223;13;4;4;1
1224;13;4;4;1
1225;13;3;4;1
1226;16;4;5;1
1227;16;3;4;1
1228;16;3;4;1
1229;16;4;4;1
1230;16;4;4;1
1231;16;4;4;1
1232;16;3;5;1
1233;16;4;5;1
1234;25;4;4;1
1235;25;4;5;1
1236;25;4;4;1
1237;25;4;3;1
1238;25;4;4;1
1239;32;4;4;1
1240;32;4;3;1
1241;32;4;3;1
1242;32;4;4;1
1243;32;4;5;1
1244;32;4;5;1
1245;32;4;5;1
1246;32;4;4;1
1247;32;4;3;1
1248;32;4;4;1
1249;32;4;4;1
1250;32;3;4;1
1251;32;4;3;1
1252;32;4;3;1
1253;32;4;3;1
1254;32;4;4;1
1255;32;4;4;1
1256;32;4;5;1
1257;53;4;4;1
1258;53;4;4;1
1259;53;2;4;1
1260;53;2;4;1
1261;53;4;5;1
1262;53;4;3;1
1263;53;4;4;1
1264;53;2;4;1
1265;53;2;3;1
1266;53;2;4;1
1267;54;4;4;1
1268;54;2;4;1
1269;54;4;4;1
1270;54;4;4;1
1271;54;4;4;1
1272;54;4;4;1
1273;54;3;4;1
1274;54;4;4;1
1275;55;3;3;1
1276;55;4;3;1
1277;55;4;5;1
1278;55;3;3;1
1279;55;2;4;1
1280;55;4;4;1
1281;55;3;4;1
1282;55;2;2;1
1283;55;4;3;1
1284;55;3;3;1
1285;55;4;3;1
1286;55;4;4;1
1287;55;3;4;1
1288;71;4;4;1
1289;71;4;4;1
1290;71;3;4;1
1291;71;4;4;1
1292;71;4;4;1
1293;71;4;4;1
1294;71;4;4;1
1295;71;4;4;1
1296;71;4;4;1
1297;71;4;4;1
1298;71;4;4;1
1299;71;4;4;1
1300;71;2;4;1
1301;71;4;4;1
1302;71;3;4;1
1303;71;3;4;1
1304;88;4;4;1
1305;88;3;4;1
1306;88;4;3;1
1307;88;4;4;1
1308;88;2;4;1
1309;90;4;3;1
1310;90;3;4;1
1311;90;4;4;1
1312;90;3;4;1
1313;90;4;5;1
1314;90;4;4;1
1315;90;3;4;1
1316;90;4;5;1
1317;90;3;4;1
1318;90;3;4;1
1319;90;3;4;1
1320;90;4;4;1
1321;90;3;5;1
1322;90;3;4;1
1323;90;2;5;1
1324;91;3;4;1
1325;91;3;4;1
1326;91;4;3;1
1327;91;3;3;1
1328;91;3;4;1
1329;91;4;4;1
1330;91;4;4;1
1331;91;4;4;1
1332;92;2;3;1
1333;92;4;4;1
1334;92;3;3;1
1335;92;3;4;1
1336;92;2;3;1
1337;92;2;3;1
1338;92;1;4;1
1339;92;3;4;1
1340;92;4;4;1
1341;92;4;3;1
1342;92;3;4;1
1343;92;2;3;1
1344;92;3;3;1
1345;92;4;4;1
1346;92;4;4;1
1347;92;3;5;1
1348;92;3;3;1
1349;93;4;4;1
1350;93;4;4;1
1351;93;4;4;1
1352;93;4;4;1
1353;93;4;4;1
1354;93;4;4;1
1355;93;4;4;1
1356;93;4;4;1
1357;93;4;4;1
1358;93;2;3;1
1359;102;3;4;1
1360;102;4;3;1
1361;102;3;4;1
1362;102;4;5;1
1363;102;4;4;1
1364;102;3;4;1
1365;102;4;4;1
1366;104;4;4;1
1367;104;4;5;1
1368;104;4;4;1
1369;104;4;4;1
1370;104;4;4;1
1371;104;4;4;1
1372;104;4;4;1
1373;104;4;3;1
1374;105;4;5;1
1375;105;4;4;1
1376;105;4;4;1
1377;105;4;5;1
1378;105;4;4;1
1379;105;3;5;1
1380;105;4;4;1
1;5;3;3;2
2;5;3;4;2
3;5;2;3;2
4;5;3;4;2
5;5;3;3;2
6;5;4;4;2
7;5;3;4;2
8;5;2;3;2
9;5;3;4;2
10;5;4;4;2
11;5;4;3;2
12;5;3;3;2
13;5;4;5;2
14;11;3;4;2
15;11;4;3;2
16;11;4;4;2
17;11;4;4;2
18;11;4;4;2
19;11;4;4;2
20;11;2;3;2
21;11;4;4;2
22;11;4;4;2
23;11;3;4;2
24;11;4;4;2
25;11;4;4;2
26;12;4;4;2
27;12;3;3;2
28;12;4;4;2
29;12;4;4;2
30;12;4;4;2
31;12;2;4;2
32;12;3;4;2
33;12;4;3;2
34;12;3;4;2
35;12;4;4;2
36;12;4;4;2
37;12;4;3;2
38;14;4;3;2
39;14;4;4;2
40;14;4;4;2
41;14;3;4;2
42;14;4;3;2
43;14;4;3;2
44;14;3;4;2
45;14;4;4;2
46;14;4;3;2
47;14;3;4;2
48;14;4;4;2
49;14;4;4;2
50;14;2;4;2
51;14;3;4;2
52;14;3;4;2
53;14;3;4;2
54;34;3;3;2
55;34;3;4;2
56;34;4;3;2
57;34;3;4;2
58;34;2;4;2
59;34;3;3;2
60;46;4;4;2
61;46;4;4;2
62;46;3;4;2
63;46;3;4;2
64;46;3;4;2
65;46;2;4;2
66;46;4;4;2
67;46;4;4;2
68;46;3;3;2
69;46;4;2;2
70;46;3;4;2
71;46;3;4;2
72;46;4;4;2
73;46;3;1;2
74;46;4;3;2
75;46;3;3;2
76;46;2;4;2
77;46;3;3;2
78;46;3;4;2
79;46;3;4;2
80;56;4;4;2
81;56;4;4;2
82;56;4;4;2
83;56;4;4;2
84;56;3;4;2
85;56;4;3;2
86;75;4;4;2
87;75;3;4;2
88;75;4;5;2
89;75;4;5;2
90;75;4;4;2
91;75;4;4;2
92;75;3;4;2
93;75;4;4;2
94;75;4;4;2
95;75;4;4;2
96;75;4;4;2
97;75;4;5;2
98;75;4;5;2
99;75;3;4;2
100;75;4;4;2
101;75;4;5;2
102;75;4;4;2
103;75;4;4;2
104;76;4;4;2
105;76;3;4;2
106;76;3;4;2
107;76;4;5;2
108;76;4;4;2
109;76;4;4;2
110;76;4;5;2
111;76;3;4;2
112;76;4;4;2
113;76;4;4;2
114;76;3;3;2
115;76;3;4;2
116;76;3;4;2
117;76;3;5;2
118;76;4;4;2
119;76;3;4;2
120;76;4;4;2
121;83;4;4;2
122;83;4;5;2
123;83;4;4;2
124;83;4;4;2
125;83;4;5;2
126;2;2;3;2
127;2;4;3;2
128;2;4;4;2
129;2;4;4;2
130;2;4;3;2
131;2;3;4;2
132;2;4;3;2
133;2;4;3;2
134;27;4;4;2
135;27;3;4;2
136;27;3;4;2
137;27;4;4;2
138;27;4;3;2
139;27;3;4;2
140;27;4;4;2
141;27;4;5;2
142;27;3;4;2
143;27;4;3;2
144;27;3;4;2
145;72;4;3;2
146;72;3;4;2
147;72;4;4;2
148;72;2;4;2
149;72;4;4;2
150;72;3;4;2
151;72;4;4;2
152;72;4;5;2
153;72;4;5;2
154;72;2;3;2
155;72;4;3;2
156;72;4;3;2
157;72;4;4;2
158;72;4;4;2
159;72;4;4;2
160;72;4;5;2
161;73;3;4;2
162;73;3;4;2
163;73;4;5;2
164;73;4;5;2
165;73;4;3;2
166;73;3;4;2
167;73;4;4;2
168;73;4;4;2
169;73;4;4;2
170;73;4;4;2
171;73;4;5;2
172;79;4;4;2
173;79;4;4;2
174;79;4;4;2
175;79;4;4;2
176;79;3;4;2
177;79;3;3;2
178;79;3;3;2
179;79;4;4;2
180;79;3;4;2
181;79;3;4;2
182;79;4;4;2
183;79;3;3;2
184;81;4;4;2
185;81;4;5;2
186;81;3;3;2
187;81;4;4;2
188;81;4;4;2
189;82;4;4;2
190;82;4;4;2
191;82;3;4;2
192;82;4;4;2
193;82;4;5;2
194;82;4;4;2
195;82;4;4;2
196;82;4;5;2
197;82;3;3;2
198;82;4;4;2
199;96;4;5;2
200;96;4;4;2
201;96;2;4;2
202;96;4;4;2
203;96;4;5;2
204;96;4;5;2
205;96;4;4;2
206;96;4;3;2
207;96;4;4;2
208;96;4;5;2
209;96;1;2;2
210;96;2;4;2
211;96;4;4;2
212;96;3;4;2
213;96;3;4;2
214;96;4;3;2
215;96;3;4;2
216;96;1;4;2
217;97;3;4;2
218;97;4;4;2
219;97;2;4;2
220;97;4;4;2
221;97;4;4;2
222;97;1;4;2
223;97;4;5;2
224;97;4;4;2
225;97;4;4;2
226;98;3;4;2
227;98;4;4;2
228;98;4;4;2
229;98;4;4;2
230;98;4;5;2
231;98;4;4;2
232;98;4;5;2
233;98;4;3;2
234;98;4;4;2
235;110;4;3;2
236;110;3;4;2
237;110;4;4;2
238;110;2;3;2
239;110;3;2;2
240;110;4;3;2
241;110;3;4;2
242;111;3;3;2
243;111;4;4;2
244;111;4;4;2
245;111;3;4;2
246;111;3;5;2
247;111;4;3;2
248;111;2;2;2
249;111;4;3;2
250;111;3;3;2
251;111;3;4;2
252;111;4;4;2
253;111;4;3;2
254;111;4;4;2
255;111;4;4;2
256;111;4;4;2
257;111;4;4;2
258;111;4;4;2
259;111;3;4;2
260;111;4;5;2
261;111;3;5;2
262;112;4;3;2
263;112;4;5;2
264;112;4;5;2
265;112;4;4;2
266;112;4;4;2
267;112;4;5;2
268;112;4;4;2
269;112;4;4;2
270;112;4;4;2
271;112;3;4;2
272;112;4;4;2
273;112;4;4;2
274;112;4;5;2
275;112;4;4;2
276;112;4;4;2
277;113;3;4;2
278;113;3;4;2
279;113;3;5;2
280;113;4;5;2
281;113;4;4;2
282;113;3;4;2
283;113;3;4;2
284;113;3;3;2
285;113;3;4;2
286;113;1;2;2
287;113;4;4;2
288;113;4;4;2
289;115;2;3;2
290;115;3;4;2
291;115;4;4;2
292;115;4;3;2
293;115;2;4;2
294;115;4;4;2
295;115;2;3;2
296;115;4;3;2
297;116;4;4;2
298;116;4;4;2
299;116;4;3;2
300;116;4;4;2
301;116;4;4;2
302;116;3;4;2
303;116;4;4;2
304;116;4;4;2
305;116;4;4;2
306;116;3;4;2
307;116;4;4;2
308;116;4;3;2
309;7;4;4;2
310;7;4;5;2
311;7;3;4;2
312;7;4;4;2
313;7;4;4;2
314;7;4;5;2
315;7;4;4;2
316;7;4;4;2
317;7;4;5;2
318;15;4;3;2
319;15;4;3;2
320;15;4;4;2
321;15;4;4;2
322;15;4;4;2
323;15;4;5;2
324;15;4;4;2
325;15;4;4;2
326;15;4;3;2
327;15;4;4;2
328;15;4;3;2
329;15;4;3;2
330;15;4;4;2
331;15;4;4;2
332;15;4;4;2
333;15;4;4;2
334;15;4;4;2
335;15;4;4;2
336;15;4;3;2
337;15;4;4;2
338;17;4;4;2
339;17;4;4;2
340;17;3;3;2
341;17;4;4;2
342;17;4;4;2
343;17;4;5;2
344;17;3;3;2
345;17;4;5;2
346;17;3;4;2
347;17;4;4;2
348;17;4;4;2
349;17;4;5;2
350;17;4;4;2
351;17;4;5;2
352;17;3;4;2
353;17;4;5;2
354;17;3;3;2
355;17;3;4;2
356;18;4;4;2
357;18;3;4;2
358;18;4;4;2
359;18;4;4;2
360;18;4;4;2
361;18;4;5;2
362;18;3;4;2
363;18;2;5;2
364;18;3;5;2
365;18;3;4;2
366;18;4;4;2
367;18;4;4;2
368;18;4;4;2
369;18;4;5;2
370;18;4;5;2
371;18;3;4;2
372;18;2;5;2
373;18;3;5;2
374;19;4;4;2
375;19;4;3;2
376;19;4;4;2
377;19;4;4;2
378;19;4;4;2
379;19;4;5;2
380;19;4;4;2
381;19;4;4;2
382;19;4;3;2
383;19;4;4;2
384;19;4;4;2
385;19;4;4;2
386;19;4;5;2
387;19;4;4;2
388;84;3;4;2
389;84;4;4;2
390;84;4;4;2
391;84;4;5;2
392;84;4;4;2
393;84;4;4;2
394;99;4;4;2
395;99;4;4;2
396;99;4;4;2
397;99;3;4;2
398;99;3;3;2
399;99;3;4;2
400;99;3;4;2
401;99;3;5;2
402;99;3;5;2
403;99;4;5;2
404;99;3;3;2
405;99;3;4;2
406;99;3;4;2
407;99;3;5;2
408;99;3;5;2
409;99;4;5;2
410;99;4;4;2
411;99;4;4;2
412;99;4;4;2
413;99;3;4;2
414;119;3;3;2
415;119;4;4;2
416;119;4;4;2
417;119;4;4;2
418;119;3;4;2
419;119;4;4;2
420;119;3;3;2
421;119;4;4;2
422;119;4;4;2
423;119;4;4;2
424;119;3;4;2
425;119;4;4;2
426;121;4;3;2
427;121;4;4;2
428;121;4;5;2
429;121;4;4;2
430;121;3;4;2
431;121;4;4;2
432;121;4;4;2
433;121;4;4;2
434;121;4;4;2
435;121;4;4;2
436;121;4;4;2
437;121;4;4;2
438;121;4;3;2
439;121;4;4;2
440;121;4;4;2
441;121;4;4;2
442;121;4;4;2
443;121;4;4;2
444;21;4;3;2
445;21;4;3;2
446;21;4;3;2
447;21;4;3;2
448;21;3;4;2
449;21;1;3;2
450;21;3;4;2
451;22;4;3;2
452;22;4;3;2
453;22;4;3;2
454;22;4;4;2
455;22;4;3;2
456;22;4;3;2
457;22;4;4;2
458;22;4;4;2
459;22;4;4;2
460;22;4;3;2
461;22;4;4;2
462;22;4;4;2
463;22;4;4;2
464;22;3;2;2
465;22;4;2;2
466;23;4;4;2
467;23;4;5;2
468;23;4;4;2
469;23;4;3;2
470;23;3;4;2
471;23;4;4;2
472;23;4;5;2
473;24;4;3;2
474;24;3;4;2
475;24;3;4;2
476;24;4;5;2
477;24;4;4;2
478;24;4;4;2
479;24;4;3;2
480;24;3;4;2
481;24;4;4;2
482;24;4;4;2
483;24;4;4;2
484;24;4;2;2
485;24;4;4;2
486;24;1;3;2
487;24;3;3;2
488;24;4;3;2
489;24;4;4;2
490;24;4;4;2
491;31;4;4;2
492;31;4;5;2
493;31;3;4;2
494;31;4;4;2
495;31;4;4;2
496;31;4;4;2
497;31;4;5;2
498;36;4;3;2
499;36;3;3;2
500;36;2;3;2
501;36;4;3;2
502;36;4;3;2
503;36;4;4;2
504;36;4;4;2
505;44;4;5;2
506;44;3;4;2
507;44;4;4;2
508;44;4;4;2
509;44;4;5;2
510;44;4;3;2
511;44;4;4;2
512;44;4;4;2
513;44;4;4;2
514;44;4;4;2
515;44;4;4;2
516;44;4;3;2
517;44;4;4;2
518;49;2;4;2
519;49;3;4;2
520;49;4;4;2
521;49;4;4;2
522;49;3;4;2
523;49;4;4;2
524;49;1;1;2
525;49;3;4;2
526;49;4;4;2
527;49;3;4;2
528;49;4;4;2
529;49;3;4;2
530;49;2;4;2
531;49;3;4;2
532;49;4;4;2
533;49;4;4;2
534;49;1;1;2
535;49;4;4;2
536;49;3;4;2
537;49;3;4;2
538;60;4;4;2
539;60;4;4;2
540;60;2;5;2
541;60;3;3;2
542;60;3;4;2
543;60;4;4;2
544;60;4;4;2
545;60;3;3;2
546;61;2;3;2
547;61;4;4;2
548;61;4;4;2
549;61;4;4;2
550;61;3;5;2
551;61;1;3;2
552;61;4;4;2
553;62;3;4;2
554;62;3;5;2
555;62;3;3;2
556;62;2;3;2
557;62;3;4;2
558;62;4;4;2
559;62;4;5;2
560;62;3;5;2
561;62;3;3;2
562;62;3;3;2
563;62;3;4;2
564;62;4;5;2
565;62;3;5;2
566;62;4;5;2
567;62;4;5;2
568;63;4;3;2
569;63;4;4;2
570;63;4;3;2
571;63;4;3;2
572;63;4;3;2
573;63;4;4;2
574;63;4;5;2
575;63;4;5;2
576;64;4;4;2
577;64;3;3;2
578;64;4;5;2
579;64;3;3;2
580;64;3;3;2
581;64;4;4;2
582;64;4;3;2
583;64;4;4;2
584;64;4;4;2
585;64;3;4;2
586;64;4;4;2
587;64;4;5;2
588;64;4;3;2
589;64;4;3;2
590;64;3;4;2
591;64;4;3;2
592;64;3;4;2
593;65;4;4;2
594;65;3;4;2
595;65;4;3;2
596;65;4;4;2
597;65;4;5;2
598;65;3;3;2
599;65;3;4;2
600;66;4;5;2
601;66;3;4;2
602;66;4;3;2
603;66;4;5;2
604;66;4;5;2
605;66;3;3;2
606;66;4;4;2
607;66;4;4;2
608;67;4;4;2
609;67;3;5;2
610;67;4;5;2
611;67;4;5;2
612;67;4;5;2
613;67;3;3;2
614;67;4;4;2
615;67;4;4;2
616;67;4;4;2
617;67;3;4;2
618;67;4;4;2
619;68;4;4;2
620;68;4;4;2
621;68;4;4;2
622;68;3;4;2
623;68;4;5;2
624;68;4;5;2
625;68;4;4;2
626;68;4;4;2
627;68;4;4;2
628;68;3;4;2
629;68;4;4;2
630;68;4;4;2
631;68;3;4;2
632;68;4;4;2
633;69;4;4;2
634;69;4;4;2
635;69;4;4;2
636;69;4;4;2
637;69;3;4;2
638;69;4;4;2
639;69;4;5;2
640;69;4;4;2
641;69;4;2;2
642;69;3;3;2
643;69;3;4;2
644;69;4;4;2
645;69;4;4;2
646;69;4;4;2
647;69;4;4;2
648;89;4;4;2
649;89;4;4;2
650;89;3;4;2
651;89;4;5;2
652;89;4;5;2
653;89;4;5;2
654;89;4;4;2
655;94;4;4;2
656;94;2;4;2
657;94;4;4;2
658;94;4;4;2
659;94;4;5;2
660;94;3;4;2
661;106;4;5;2
662;106;4;5;2
663;106;4;5;2
664;106;4;5;2
665;106;4;5;2
666;106;4;3;2
667;117;4;5;2
668;117;4;4;2
669;117;4;4;2
670;117;3;4;2
671;117;2;4;2
672;118;4;4;2
673;118;4;5;2
674;118;4;4;2
675;118;4;3;2
676;118;4;4;2
677;118;4;4;2
678;118;4;4;2
679;118;4;5;2
680;118;3;3;2
681;118;4;4;2
682;118;4;5;2
683;118;4;5;2
684;20;4;4;2
685;20;3;5;2
686;20;3;4;2
687;20;3;3;2
688;20;4;4;2
689;20;3;4;2
690;20;4;4;2
691;20;3;4;2
692;20;4;4;2
693;20;4;4;2
694;28;4;4;2
695;28;3;4;2
696;28;4;5;2
697;28;4;5;2
698;28;4;5;2
699;28;4;4;2
700;28;2;5;2
701;30;3;4;2
702;30;4;3;2
703;30;4;4;2
704;30;3;2;2
705;30;3;3;2
706;30;4;3;2
707;30;4;4;2
708;30;3;4;2
709;30;4;2;2
710;30;4;2;2
711;30;4;4;2
712;38;4;4;2
713;38;4;4;2
714;38;3;5;2
715;38;4;5;2
716;38;4;5;2
717;38;2;4;2
718;39;2;4;2
719;39;4;5;2
720;39;4;4;2
721;39;3;4;2
722;39;3;4;2
723;40;4;4;2
724;40;4;4;2
725;40;3;4;2
726;40;3;4;2
727;40;4;4;2
728;40;3;4;2
729;40;2;2;2
730;40;3;3;2
731;40;4;4;2
732;40;4;4;2
733;40;3;4;2
734;40;4;4;2
735;40;3;3;2
736;40;3;3;2
737;40;3;4;2
738;40;4;3;2
739;41;3;4;2
740;41;4;4;2
741;41;4;4;2
742;41;4;4;2
743;41;3;4;2
744;41;4;4;2
745;42;4;4;2
746;42;3;4;2
747;42;4;4;2
748;42;4;5;2
749;42;4;4;2
750;42;3;3;2
751;42;4;4;2
752;42;4;4;2
753;42;4;4;2
754;45;3;5;2
755;45;2;3;2
756;45;4;5;2
757;45;4;5;2
758;50;4;4;2
759;50;2;4;2
760;50;3;4;2
761;50;4;5;2
762;50;4;4;2
763;50;4;4;2
764;50;2;4;2
765;50;3;4;2
766;50;4;4;2
767;57;4;4;2
768;57;4;4;2
769;57;4;5;2
770;57;2;4;2
771;57;4;4;2
772;70;4;4;2
773;70;4;4;2
774;70;4;5;2
775;70;4;5;2
776;70;2;4;2
777;70;4;4;2
778;70;4;5;2
779;70;4;4;2
780;70;4;4;2
781;70;4;5;2
782;70;4;5;2
783;70;2;4;2
784;70;4;4;2
785;70;4;5;2
786;74;3;4;2
787;74;4;4;2
788;74;4;4;2
789;74;4;4;2
790;74;4;3;2
791;74;4;3;2
792;74;3;4;2
793;74;4;4;2
794;74;3;4;2
795;74;3;4;2
796;74;3;2;2
797;74;3;4;2
798;74;4;4;2
799;74;4;3;2
800;74;4;4;2
801;74;3;4;2
802;74;4;4;2
803;77;3;4;2
804;77;3;4;2
805;77;3;4;2
806;77;4;5;2
807;77;2;4;2
808;78;4;3;2
809;78;4;4;2
810;78;4;5;2
811;78;4;4;2
812;78;4;4;2
813;78;4;4;2
814;78;4;4;2
815;78;4;4;2
816;78;4;4;2
817;78;4;5;2
818;78;4;5;2
819;78;4;4;2
820;78;4;4;2
821;78;4;4;2
822;78;4;4;2
823;78;4;4;2
824;78;4;4;2
825;78;4;4;2
826;85;4;4;2
827;85;4;4;2
828;85;3;4;2
829;85;4;3;2
830;85;4;3;2
831;85;4;4;2
832;85;2;4;2
833;85;4;4;2
834;85;3;4;2
835;85;3;4;2
836;85;4;4;2
837;85;4;4;2
838;86;3;4;2
839;86;4;4;2
840;86;4;4;2
841;86;4;5;2
842;86;3;4;2
843;86;3;4;2
844;87;4;4;2
845;87;4;4;2
846;87;4;4;2
847;87;3;4;2
848;87;3;4;2
849;87;3;4;2
850;87;4;4;2
851;87;4;3;2
852;87;3;5;2
853;87;3;4;2
854;101;4;4;2
855;101;4;5;2
856;101;4;4;2
857;101;4;4;2
858;101;4;4;2
859;101;4;5;2
860;101;4;5;2
861;101;4;4;2
862;101;4;4;2
863;101;4;5;2
864;101;4;5;2
865;101;4;5;2
866;101;4;4;2
867;101;4;5;2
868;123;4;4;2
869;123;4;4;2
870;123;4;4;2
871;123;4;4;2
872;123;4;5;2
873;123;4;5;2
874;123;4;4;2
875;123;4;4;2
876;123;4;4;2
877;123;4;4;2
878;123;4;4;2
879;123;4;5;2
880;123;4;4;2
881;123;4;4;2
882;123;4;5;2
883;123;4;5;2
884;123;4;4;2
885;6;3;4;2
886;6;2;4;2
887;6;4;4;2
888;6;2;4;2
889;6;3;4;2
890;6;4;5;2
891;6;2;4;2
892;6;4;3;2
893;6;4;5;2
894;6;4;4;2
895;6;3;5;2
896;6;4;4;2
897;6;3;4;2
898;8;2;4;2
899;8;4;5;2
900;8;4;5;2
901;8;4;4;2
902;8;3;3;2
903;9;4;4;2
904;9;4;4;2
905;9;4;5;2
906;9;3;4;2
907;9;4;4;2
908;9;4;3;2
909;9;4;4;2
910;9;4;4;2
911;9;3;4;2
912;9;4;4;2
913;9;3;4;2
914;9;4;4;2
915;9;3;4;2
916;10;4;3;2
917;10;3;4;2
918;10;4;4;2
919;10;4;4;2
920;10;4;4;2
921;10;4;3;2
922;10;4;4;2
923;26;4;5;2
924;26;4;4;2
925;26;4;4;2
926;26;3;3;2
927;26;4;4;2
928;26;4;4;2
929;26;4;5;2
930;26;4;4;2
931;26;4;5;2
932;26;4;4;2
933;26;4;4;2
934;26;4;5;2
935;26;4;5;2
936;26;4;3;2
937;26;4;4;2
938;26;3;4;2
939;35;4;4;2
940;35;4;4;2
941;35;4;4;2
942;35;3;3;2
943;35;3;3;2
944;35;2;4;2
945;35;4;4;2
946;35;3;4;2
947;35;3;5;2
948;35;4;4;2
949;35;4;4;2
950;35;4;4;2
951;35;4;5;2
952;35;3;4;2
953;35;3;3;2
954;35;4;4;2
955;35;4;4;2
956;35;3;4;2
957;37;3;4;2
958;37;4;4;2
959;37;4;5;2
960;37;2;3;2
961;37;2;4;2
962;48;2;4;2
963;48;4;4;2
964;48;4;4;2
965;48;3;4;2
966;48;2;4;2
967;48;2;4;2
968;48;4;4;2
969;48;3;4;2
970;48;3;4;2
971;51;3;3;2
972;51;4;3;2
973;51;4;4;2
974;51;4;4;2
975;51;4;4;2
976;51;4;4;2
977;51;3;4;2
978;51;4;4;2
979;51;4;4;2
980;51;4;4;2
981;51;4;4;2
982;51;4;5;2
983;51;4;4;2
984;58;3;4;2
985;58;4;1;2
986;58;4;4;2
987;58;2;4;2
988;58;2;4;2
989;58;4;4;2
990;58;3;4;2
991;58;1;1;2
992;58;2;4;2
993;58;3;4;2
994;58;2;4;2
995;58;4;4;2
996;58;4;4;2
997;58;3;4;2
998;58;3;5;2
999;58;4;5;2
1000;58;4;4;2
1001;58;4;4;2
1002;58;1;2;2
1003;100;4;3;2
1004;100;3;4;2
1005;100;3;3;2
1006;100;4;4;2
1007;100;4;4;2
1008;100;4;4;2
1009;100;4;5;2
1010;100;4;5;2
1011;100;4;4;2
1012;100;4;4;2
1013;100;4;4;2
1014;100;4;3;2
1015;100;4;4;2
1016;100;4;5;2
1017;100;3;4;2
1018;100;4;5;2
1019;100;4;4;2
1020;100;4;4;2
1021;100;4;5;2
1022;100;4;4;2
1023;122;3;3;2
1024;122;4;4;2
1025;122;4;4;2
1026;122;4;5;2
1027;122;4;3;2
1028;122;4;3;2
1029;122;3;4;2
1030;122;4;4;2
1031;122;3;4;2
1032;122;3;5;2
1033;122;4;3;2
1034;122;3;4;2
1035;122;4;5;2
1036;122;3;3;2
1037;122;2;3;2
1038;122;4;3;2
1039;122;3;4;2
1040;122;4;4;2
1041;1;3;4;2
1042;1;4;5;2
1043;1;4;4;2
1044;1;4;3;2
1045;1;3;4;2
1046;1;4;4;2
1047;1;4;4;2
1048;1;4;5;2
1049;1;4;5;2
1050;1;4;4;2
1051;3;4;4;2
1052;3;2;4;2
1053;3;3;4;2
1054;3;4;5;2
1055;3;4;4;2
1056;3;1;3;2
1057;3;4;4;2
1058;3;4;4;2
1059;4;3;3;2
1060;4;3;3;2
1061;4;4;5;2
1062;4;3;3;2
1063;4;2;3;2
1064;4;4;3;2
1065;4;4;4;2
1066;4;4;3;2
1067;4;4;3;2
1068;4;4;3;2
1069;29;4;4;2
1070;29;4;4;2
1071;29;3;4;2
1072;29;4;4;2
1073;29;2;4;2
1074;43;3;4;2
1075;43;4;3;2
1076;43;3;3;2
1077;43;2;4;2
1078;43;3;4;2
1079;43;4;4;2
1080;43;4;3;2
1081;43;4;4;2
1082;47;4;3;2
1083;47;3;4;2
1084;47;3;3;2
1085;47;4;5;2
1086;47;3;4;2
1087;47;4;4;2
1088;47;3;2;2
1089;47;3;3;2
1090;47;1;4;2
1091;47;3;3;2
1092;47;4;5;2
1093;47;4;4;2
1094;52;4;3;2
1095;52;4;5;2
1096;52;2;3;2
1097;52;4;4;2
1098;52;3;4;2
1099;52;4;4;2
1100;52;4;4;2
1101;52;4;3;2
1102;52;3;3;2
1103;52;4;3;2
1104;52;4;3;2
1105;52;4;4;2
1106;52;3;4;2
1107;52;3;5;2
1108;52;4;4;2
1109;52;4;3;2
1110;52;3;2;2
1111;52;4;4;2
1112;59;4;3;2
1113;59;4;2;2
1114;59;2;4;2
1115;59;3;3;2
1116;59;3;3;2
1117;59;3;3;2
1118;59;4;4;2
1119;59;3;4;2
1120;59;3;3;2
1121;59;2;3;2
1122;59;2;3;2
1123;59;3;3;2
1124;59;2;3;2
1125;59;3;4;2
1126;80;4;4;2
1127;80;3;2;2
1128;80;3;4;2
1129;80;3;4;2
1130;80;4;4;2
1131;80;4;4;2
1132;103;4;4;2
1133;103;4;5;2
1134;103;3;4;2
1135;103;4;4;2
1136;103;4;4;2
1137;103;4;5;2
1138;107;1;4;2
1139;107;4;3;2
1140;107;4;3;2
1141;107;4;5;2
1142;107;3;5;2
1143;107;4;5;2
1144;107;4;5;2
1145;107;4;4;2
1146;107;4;4;2
1147;107;4;5;2
1148;107;4;5;2
1149;108;4;4;2
1150;108;4;3;2
1151;108;4;3;2
1152;108;4;4;2
1153;108;4;3;2
1154;108;3;4;2
1155;108;4;5;2
1156;108;3;4;2
1157;108;1;2;2
1158;108;4;4;2
1159;109;4;5;2
1160;109;3;4;2
1161;109;3;4;2
1162;109;4;4;2
1163;109;4;3;2
1164;109;4;4;2
1165;114;4;4;2
1166;114;3;5;2
1167;114;4;3;2
1168;114;3;4;2
1169;114;4;4;2
1170;114;4;4;2
1171;114;4;4;2
1172;114;3;4;2
1173;114;4;4;2
1174;120;4;5;2
1175;120;4;4;2
1176;120;3;4;2
1177;120;3;4;2
1178;120;4;3;2
1179;120;3;4;2
1180;120;4;4;2
1181;120;4;4;2
1182;120;3;4;2
1183;120;4;4;2
1184;120;4;4;2
1185;33;4;4;2
1186;33;4;5;2
1187;33;3;4;2
1188;33;3;4;2
1189;33;4;4;2
1190;33;3;4;2
1191;33;3;5;2
1192;33;4;5;2
1193;95;3;4;2
1194;95;2;3;2
1195;95;4;3;2
1196;95;3;4;2
1197;95;4;4;2
1198;95;4;4;2
1199;95;3;4;2
1200;95;3;4;2
1201;95;3;3;2
1202;95;3;3;2
1204;95;4;3;2
1205;95;3;2;2
1206;95;3;3;2
1207;95;4;4;2
1208;13;4;4;2
1209;13;4;4;2
1210;13;3;4;2
1211;13;4;4;2
1212;13;4;4;2
1213;13;2;4;2
1214;13;3;4;2
1215;13;4;4;2
1216;13;4;4;2
1217;13;4;4;2
1218;13;4;4;2
1219;13;2;4;2
1220;13;4;4;2
1221;13;4;4;2
1222;13;3;4;2
1223;13;4;4;2
1224;13;4;4;2
1225;13;2;4;2
1226;16;4;5;2
1227;16;4;4;2
1228;16;4;4;2
1229;16;4;4;2
1230;16;4;4;2
1231;16;4;4;2
1232;16;4;5;2
1233;16;4;5;2
1234;25;4;4;2
1235;25;4;5;2
1236;25;4;4;2
1237;25;4;3;2
1238;25;4;4;2
1239;32;4;4;2
1240;32;4;3;2
1241;32;4;3;2
1242;32;4;4;2
1243;32;4;5;2
1244;32;4;5;2
1245;32;4;5;2
1246;32;4;4;2
1247;32;4;3;2
1248;32;4;4;2
1249;32;4;4;2
1250;32;4;4;2
1251;32;4;3;2
1252;32;4;3;2
1253;32;4;3;2
1254;32;4;4;2
1255;32;4;4;2
1256;32;4;5;2
1257;53;3;4;2
1258;53;4;4;2
1259;53;2;4;2
1260;53;2;4;2
1261;53;4;5;2
1262;53;4;3;2
1263;53;4;4;2
1264;53;2;4;2
1265;53;2;3;2
1266;53;3;4;2
1267;54;4;4;2
1268;54;4;4;2
1269;54;4;4;2
1270;54;4;4;2
1271;54;4;4;2
1272;54;4;4;2
1273;54;2;4;2
1274;54;4;4;2
1275;55;4;3;2
1276;55;4;3;2
1277;55;4;5;2
1278;55;4;3;2
1279;55;2;4;2
1280;55;4;4;2
1281;55;3;4;2
1282;55;3;2;2
1283;55;3;3;2
1284;55;3;3;2
1285;55;4;3;2
1286;55;4;4;2
1287;55;3;4;2
1288;71;4;4;2
1289;71;4;4;2
1290;71;4;4;2
1291;71;4;4;2
1292;71;4;4;2
1293;71;4;4;2
1294;71;4;4;2
1295;71;4;4;2
1296;71;4;4;2
1297;71;4;4;2
1298;71;4;4;2
1299;71;4;4;2
1300;71;3;4;2
1301;71;4;4;2
1302;71;4;4;2
1303;71;4;4;2
1304;88;4;4;2
1305;88;4;4;2
1306;88;4;3;2
1307;88;4;4;2
1308;88;4;4;2
1309;90;3;3;2
1310;90;4;4;2
1311;90;3;4;2
1312;90;4;4;2
1313;90;4;5;2
1314;90;4;4;2
1315;90;3;4;2
1316;90;4;5;2
1317;90;4;4;2
1318;90;4;4;2
1319;90;4;4;2
1320;90;4;4;2
1321;90;4;5;2
1322;90;4;4;2
1323;90;3;5;2
1324;91;4;4;2
1325;91;4;4;2
1326;91;4;3;2
1327;91;3;3;2
1328;91;4;4;2
1329;91;4;4;2
1330;91;4;4;2
1331;91;4;4;2
1332;92;4;3;2
1333;92;4;4;2
1334;92;3;3;2
1335;92;3;4;2
1336;92;2;3;2
1337;92;1;3;2
1338;92;2;4;2
1339;92;3;4;2
1340;92;4;4;2
1341;92;2;3;2
1342;92;3;4;2
1343;92;2;3;2
1344;92;3;3;2
1345;92;4;4;2
1346;92;4;4;2
1347;92;3;5;2
1348;92;3;3;2
1349;93;4;4;2
1350;93;4;4;2
1351;93;4;4;2
1352;93;4;4;2
1353;93;3;4;2
1354;93;3;4;2
1355;93;4;4;2
1356;93;4;4;2
1357;93;4;4;2
1358;93;2;3;2
1359;102;4;4;2
1360;102;4;3;2
1361;102;3;4;2
1362;102;4;5;2
1363;102;4;4;2
1364;102;4;4;2
1365;102;4;4;2
1366;104;4;4;2
1367;104;4;5;2
1368;104;4;4;2
1369;104;3;4;2
1370;104;4;4;2
1371;104;4;4;2
1372;104;4;4;2
1373;104;4;3;2
1374;105;4;5;2
1375;105;4;4;2
1376;105;4;4;2
1377;105;4;5;2
1378;105;4;4;2
1379;105;4;5;2
1380;105;4;4;2
1;5;2;3;3
2;5;2;4;3
3;5;1;3;3
4;5;3;4;3
5;5;3;3;3
6;5;3;4;3
7;5;2;4;3
8;5;2;3;3
9;5;3;4;3
10;5;3;4;3
11;5;4;3;3
12;5;2;3;3
13;5;4;5;3
14;11;3;4;3
15;11;4;3;3
16;11;4;4;3
17;11;4;4;3
18;11;3;4;3
19;11;4;4;3
20;11;2;3;3
21;11;3;4;3
22;11;4;4;3
23;11;2;4;3
24;11;3;4;3
25;11;3;4;3
26;12;3;4;3
27;12;3;3;3
28;12;3;4;3
29;12;3;4;3
30;12;4;4;3
31;12;2;4;3
32;12;4;4;3
33;12;4;3;3
34;12;4;4;3
35;12;4;4;3
36;12;4;4;3
37;12;2;3;3
38;14;3;3;3
39;14;2;4;3
40;14;3;4;3
41;14;2;4;3
42;14;3;3;3
43;14;4;3;3
44;14;3;4;3
45;14;4;4;3
46;14;3;3;3
47;14;2;4;3
48;14;3;4;3
49;14;4;4;3
50;14;3;4;3
51;14;4;4;3
52;14;3;4;3
53;14;3;4;3
54;34;3;3;3
55;34;2;4;3
56;34;2;3;3
57;34;2;4;3
58;34;1;4;3
59;34;3;3;3
60;46;3;4;3
61;46;2;4;3
62;46;2;4;3
63;46;2;4;3
64;46;4;4;3
65;46;2;4;3
66;46;2;4;3
67;46;4;4;3
68;46;3;3;3
69;46;4;2;3
70;46;2;4;3
71;46;2;4;3
72;46;3;4;3
73;46;2;1;3
74;46;4;3;3
75;46;2;3;3
76;46;3;4;3
77;46;3;3;3
78;46;2;4;3
79;46;3;4;3
80;56;4;4;3
81;56;3;4;3
82;56;4;4;3
83;56;4;4;3
84;56;3;4;3
85;56;4;3;3
86;75;3;4;3
87;75;2;4;3
88;75;4;5;3
89;75;4;5;3
90;75;4;4;3
91;75;4;4;3
92;75;3;4;3
93;75;4;4;3
94;75;3;4;3
95;75;3;4;3
96;75;3;4;3
97;75;4;5;3
98;75;4;5;3
99;75;4;4;3
100;75;4;4;3
101;75;3;5;3
102;75;4;4;3
103;75;4;4;3
104;76;3;4;3
105;76;2;4;3
106;76;2;4;3
107;76;4;5;3
108;76;3;4;3
109;76;3;4;3
110;76;4;5;3
111;76;3;4;3
112;76;3;4;3
113;76;4;4;3
114;76;1;3;3
115;76;2;4;3
116;76;3;4;3
117;76;2;5;3
118;76;3;4;3
119;76;1;4;3
120;76;3;4;3
121;83;4;4;3
122;83;4;5;3
123;83;4;4;3
124;83;4;4;3
125;83;4;5;3
126;2;2;3;3
127;2;3;3;3
128;2;4;4;3
129;2;3;4;3
130;2;2;3;3
131;2;3;4;3
132;2;4;3;3
133;2;4;3;3
134;27;4;4;3
135;27;3;4;3
136;27;3;4;3
137;27;4;4;3
138;27;4;3;3
139;27;3;4;3
140;27;4;4;3
141;27;4;5;3
142;27;4;4;3
143;27;4;3;3
144;27;3;4;3
145;72;4;3;3
146;72;1;4;3
147;72;4;4;3
148;72;2;4;3
149;72;3;4;3
150;72;3;4;3
151;72;4;4;3
152;72;3;5;3
153;72;4;5;3
154;72;3;3;3
155;72;3;3;3
156;72;4;3;3
157;72;2;4;3
158;72;3;4;3
159;72;2;4;3
160;72;4;5;3
161;73;3;4;3
162;73;4;4;3
163;73;4;5;3
164;73;4;5;3
165;73;4;3;3
166;73;3;4;3
167;73;3;4;3
168;73;4;4;3
169;73;4;4;3
170;73;3;4;3
171;73;3;5;3
172;79;3;4;3
173;79;3;4;3
174;79;4;4;3
175;79;4;4;3
176;79;2;4;3
177;79;2;3;3
178;79;2;3;3
179;79;3;4;3
180;79;3;4;3
181;79;3;4;3
182;79;3;4;3
183;79;2;3;3
184;81;4;4;3
185;81;4;5;3
186;81;3;3;3
187;81;4;4;3
188;81;4;4;3
189;82;4;4;3
190;82;4;4;3
191;82;3;4;3
192;82;4;4;3
193;82;4;5;3
194;82;4;4;3
195;82;4;4;3
196;82;3;5;3
197;82;4;3;3
198;82;4;4;3
199;96;4;5;3
200;96;4;4;3
201;96;3;4;3
202;96;3;4;3
203;96;2;5;3
204;96;4;5;3
205;96;4;4;3
206;96;1;3;3
207;96;3;4;3
208;96;4;5;3
209;96;1;2;3
210;96;2;4;3
211;96;3;4;3
212;96;3;4;3
213;96;3;4;3
214;96;4;3;3
215;96;3;4;3
216;96;1;4;3
217;97;2;4;3
218;97;4;4;3
219;97;1;4;3
220;97;3;4;3
221;97;4;4;3
222;97;1;4;3
223;97;3;5;3
224;97;4;4;3
225;97;4;4;3
226;98;3;4;3
227;98;4;4;3
228;98;2;4;3
229;98;4;4;3
230;98;3;5;3
231;98;4;4;3
232;98;4;5;3
233;98;4;3;3
234;98;4;4;3
235;110;2;3;3
236;110;2;4;3
237;110;3;4;3
238;110;3;3;3
239;110;3;2;3
240;110;2;3;3
241;110;3;4;3
242;111;3;3;3
243;111;4;4;3
244;111;3;4;3
245;111;3;4;3
246;111;3;5;3
247;111;4;3;3
248;111;2;2;3
249;111;4;3;3
250;111;3;3;3
251;111;2;4;3
252;111;4;4;3
253;111;4;3;3
254;111;4;4;3
255;111;4;4;3
256;111;4;4;3
257;111;2;4;3
258;111;4;4;3
259;111;3;4;3
260;111;4;5;3
261;111;4;5;3
262;112;4;3;3
263;112;4;5;3
264;112;4;5;3
265;112;3;4;3
266;112;3;4;3
267;112;4;5;3
268;112;4;4;3
269;112;4;4;3
270;112;4;4;3
271;112;3;4;3
272;112;4;4;3
273;112;4;4;3
274;112;4;5;3
275;112;4;4;3
276;112;4;4;3
277;113;3;4;3
278;113;4;4;3
279;113;2;5;3
280;113;3;5;3
281;113;3;4;3
282;113;4;4;3
283;113;4;4;3
284;113;3;3;3
285;113;1;4;3
286;113;2;2;3
287;113;4;4;3
288;113;4;4;3
289;115;2;3;3
290;115;3;4;3
291;115;4;4;3
292;115;4;3;3
293;115;3;4;3
294;115;3;4;3
295;115;1;3;3
296;115;3;3;3
297;116;4;4;3
298;116;4;4;3
299;116;4;3;3
300;116;4;4;3
301;116;4;4;3
302;116;3;4;3
303;116;4;4;3
304;116;4;4;3
305;116;4;4;3
306;116;4;4;3
307;116;4;4;3
308;116;4;3;3
309;7;4;4;3
310;7;4;5;3
311;7;2;4;3
312;7;4;4;3
313;7;4;4;3
314;7;4;5;3
315;7;4;4;3
316;7;4;4;3
317;7;4;5;3
318;15;2;3;3
319;15;3;3;3
320;15;3;4;3
321;15;4;4;3
322;15;4;4;3
323;15;4;5;3
324;15;3;4;3
325;15;3;4;3
326;15;3;3;3
327;15;4;4;3
328;15;2;3;3
329;15;3;3;3
330;15;3;4;3
331;15;4;4;3
332;15;4;4;3
333;15;4;4;3
334;15;3;4;3
335;15;3;4;3
336;15;3;3;3
337;15;4;4;3
338;17;3;4;3
339;17;4;4;3
340;17;3;3;3
341;17;4;4;3
342;17;4;4;3
343;17;4;5;3
344;17;4;3;3
345;17;3;5;3
346;17;3;4;3
347;17;3;4;3
348;17;4;4;3
349;17;4;5;3
350;17;4;4;3
351;17;4;5;3
352;17;4;4;3
353;17;3;5;3
354;17;3;3;3
355;17;3;4;3
356;18;2;4;3
357;18;2;4;3
358;18;3;4;3
359;18;3;4;3
360;18;4;4;3
361;18;4;5;3
362;18;2;4;3
363;18;2;5;3
364;18;2;5;3
365;18;2;4;3
366;18;3;4;3
367;18;3;4;3
368;18;4;4;3
369;18;2;5;3
370;18;4;5;3
371;18;2;4;3
372;18;2;5;3
373;18;2;5;3
374;19;4;4;3
375;19;3;3;3
376;19;3;4;3
377;19;4;4;3
378;19;4;4;3
379;19;4;5;3
380;19;3;4;3
381;19;4;4;3
382;19;3;3;3
383;19;3;4;3
384;19;4;4;3
385;19;4;4;3
386;19;4;5;3
387;19;3;4;3
388;84;3;4;3
389;84;4;4;3
390;84;4;4;3
391;84;4;5;3
392;84;4;4;3
393;84;4;4;3
394;99;4;4;3
395;99;4;4;3
396;99;4;4;3
397;99;3;4;3
398;99;2;3;3
399;99;2;4;3
400;99;2;4;3
401;99;2;5;3
402;99;2;5;3
403;99;4;5;3
404;99;2;3;3
405;99;2;4;3
406;99;2;4;3
407;99;2;5;3
408;99;2;5;3
409;99;4;5;3
410;99;4;4;3
411;99;4;4;3
412;99;4;4;3
413;99;3;4;3
414;119;3;3;3
415;119;3;4;3
416;119;3;4;3
417;119;3;4;3
418;119;3;4;3
419;119;4;4;3
420;119;3;3;3
421;119;3;4;3
422;119;3;4;3
423;119;3;4;3
424;119;3;4;3
425;119;4;4;3
426;121;3;3;3
427;121;4;4;3
428;121;4;5;3
429;121;4;4;3
430;121;3;4;3
431;121;3;4;3
432;121;4;4;3
433;121;4;4;3
434;121;3;4;3
435;121;4;4;3
436;121;4;4;3
437;121;4;4;3
438;121;3;3;3
439;121;3;4;3
440;121;3;4;3
441;121;3;4;3
442;121;4;4;3
443;121;4;4;3
444;21;3;3;3
445;21;2;3;3
446;21;4;3;3
447;21;4;3;3
448;21;4;4;3
449;21;2;3;3
450;21;3;4;3
451;22;4;3;3
452;22;3;3;3
453;22;4;3;3
454;22;4;4;3
455;22;2;3;3
456;22;2;3;3
457;22;3;4;3
458;22;3;4;3
459;22;4;4;3
460;22;3;3;3
461;22;2;4;3
462;22;4;4;3
463;22;2;4;3
464;22;2;2;3
465;22;3;2;3
466;23;4;4;3
467;23;4;5;3
468;23;3;4;3
469;23;3;3;3
470;23;2;4;3
471;23;4;4;3
472;23;4;5;3
473;24;4;3;3
474;24;2;4;3
475;24;4;4;3
476;24;4;5;3
477;24;4;4;3
478;24;3;4;3
479;24;3;3;3
480;24;3;4;3
481;24;4;4;3
482;24;4;4;3
483;24;3;4;3
484;24;1;2;3
485;24;3;4;3
486;24;1;3;3
487;24;2;3;3
488;24;4;3;3
489;24;4;4;3
490;24;4;4;3
491;31;3;4;3
492;31;4;5;3
493;31;4;4;3
494;31;4;4;3
495;31;4;4;3
496;31;4;4;3
497;31;4;5;3
498;36;2;3;3
499;36;4;3;3
500;36;4;3;3
501;36;4;3;3
502;36;3;3;3
503;36;4;4;3
504;36;3;4;3
505;44;4;5;3
506;44;2;4;3
507;44;3;4;3
508;44;4;4;3
509;44;3;5;3
510;44;4;3;3
511;44;2;4;3
512;44;3;4;3
513;44;4;4;3
514;44;3;4;3
515;44;4;4;3
516;44;2;3;3
517;44;4;4;3
518;49;2;4;3
519;49;2;4;3
520;49;1;4;3
521;49;1;4;3
522;49;3;4;3
523;49;2;4;3
524;49;1;1;3
525;49;1;4;3
526;49;2;4;3
527;49;1;4;3
528;49;1;4;3
529;49;2;4;3
530;49;2;4;3
531;49;3;4;3
532;49;1;4;3
533;49;2;4;3
534;49;1;1;3
535;49;2;4;3
536;49;1;4;3
537;49;1;4;3
538;60;4;4;3
539;60;4;4;3
540;60;4;5;3
541;60;3;3;3
542;60;3;4;3
543;60;4;4;3
544;60;4;4;3
545;60;3;3;3
546;61;2;3;3
547;61;4;4;3
548;61;4;4;3
549;61;3;4;3
550;61;4;5;3
551;61;3;3;3
552;61;4;4;3
553;62;4;4;3
554;62;2;5;3
555;62;2;3;3
556;62;2;3;3
557;62;4;4;3
558;62;4;4;3
559;62;4;5;3
560;62;4;5;3
561;62;2;3;3
562;62;3;3;3
563;62;3;4;3
564;62;3;5;3
565;62;4;5;3
566;62;4;5;3
567;62;4;5;3
568;63;3;3;3
569;63;4;4;3
570;63;4;3;3
571;63;3;3;3
572;63;3;3;3
573;63;2;4;3
574;63;4;5;3
575;63;4;5;3
576;64;2;4;3
577;64;2;3;3
578;64;3;5;3
579;64;2;3;3
580;64;3;3;3
581;64;2;4;3
582;64;2;3;3
583;64;3;4;3
584;64;2;4;3
585;64;2;4;3
586;64;3;4;3
587;64;4;5;3
588;64;4;3;3
589;64;2;3;3
590;64;2;4;3
591;64;4;3;3
592;64;3;4;3
593;65;4;4;3
594;65;2;4;3
595;65;3;3;3
596;65;3;4;3
597;65;4;5;3
598;65;3;3;3
599;65;1;4;3
600;66;4;5;3
601;66;2;4;3
602;66;4;3;3
603;66;4;5;3
604;66;4;5;3
605;66;3;3;3
606;66;4;4;3
607;66;4;4;3
608;67;3;4;3
609;67;3;5;3
610;67;3;5;3
611;67;4;5;3
612;67;4;5;3
613;67;3;3;3
614;67;2;4;3
615;67;3;4;3
616;67;3;4;3
617;67;3;4;3
618;67;4;4;3
619;68;2;4;3
620;68;2;4;3
621;68;3;4;3
622;68;1;4;3
623;68;4;5;3
624;68;4;5;3
625;68;1;4;3
626;68;4;4;3
627;68;3;4;3
628;68;3;4;3
629;68;1;4;3
630;68;1;4;3
631;68;2;4;3
632;68;4;4;3
633;69;2;4;3
634;69;3;4;3
635;69;4;4;3
636;69;3;4;3
637;69;3;4;3
638;69;2;4;3
639;69;4;5;3
640;69;3;4;3
641;69;3;2;3
642;69;2;3;3
643;69;3;4;3
644;69;3;4;3
645;69;3;4;3
646;69;3;4;3
647;69;4;4;3
648;89;4;4;3
649;89;3;4;3
650;89;2;4;3
651;89;2;5;3
652;89;3;5;3
653;89;3;5;3
654;89;4;4;3
655;94;4;4;3
656;94;2;4;3
657;94;3;4;3
658;94;2;4;3
659;94;3;5;3
660;94;3;4;3
661;106;4;5;3
662;106;4;5;3
663;106;4;5;3
664;106;4;5;3
665;106;4;5;3
666;106;3;3;3
667;117;4;5;3
668;117;4;4;3
669;117;3;4;3
670;117;1;4;3
671;117;3;4;3
672;118;4;4;3
673;118;4;5;3
674;118;4;4;3
675;118;4;3;3
676;118;3;4;3
677;118;4;4;3
678;118;4;4;3
679;118;4;5;3
680;118;3;3;3
681;118;2;4;3
682;118;4;5;3
683;118;4;5;3
684;20;4;4;3
685;20;4;5;3
686;20;2;4;3
687;20;2;3;3
688;20;4;4;3
689;20;4;4;3
690;20;4;4;3
691;20;2;4;3
692;20;3;4;3
693;20;2;4;3
694;28;4;4;3
695;28;2;4;3
696;28;4;5;3
697;28;3;5;3
698;28;4;5;3
699;28;4;4;3
700;28;2;5;3
701;30;3;4;3
702;30;2;3;3
703;30;2;4;3
704;30;1;2;3
705;30;1;3;3
706;30;3;3;3
707;30;1;4;3
708;30;2;4;3
709;30;2;2;3
710;30;1;2;3
711;30;1;4;3
712;38;3;4;3
713;38;3;4;3
714;38;4;5;3
715;38;3;5;3
716;38;4;5;3
717;38;3;4;3
718;39;2;4;3
719;39;4;5;3
720;39;3;4;3
721;39;3;4;3
722;39;4;4;3
723;40;1;4;3
724;40;1;4;3
725;40;3;4;3
726;40;3;4;3
727;40;2;4;3
728;40;1;4;3
729;40;1;2;3
730;40;2;3;3
731;40;2;4;3
732;40;2;4;3
733;40;1;4;3
734;40;2;4;3
735;40;1;3;3
736;40;2;3;3
737;40;1;4;3
738;40;1;3;3
739;41;4;4;3
740;41;2;4;3
741;41;2;4;3
742;41;3;4;3
743;41;3;4;3
744;41;4;4;3
745;42;4;4;3
746;42;3;4;3
747;42;3;4;3
748;42;3;5;3
749;42;3;4;3
750;42;3;3;3
751;42;4;4;3
752;42;3;4;3
753;42;4;4;3
754;45;2;5;3
755;45;3;3;3
756;45;3;5;3
757;45;4;5;3
758;50;4;4;3
759;50;2;4;3
760;50;3;4;3
761;50;4;5;3
762;50;4;4;3
763;50;4;4;3
764;50;3;4;3
765;50;3;4;3
766;50;4;4;3
767;57;4;4;3
768;57;4;4;3
769;57;4;5;3
770;57;1;4;3
771;57;4;4;3
772;70;4;4;3
773;70;4;4;3
774;70;2;5;3
775;70;4;5;3
776;70;2;4;3
777;70;2;4;3
778;70;4;5;3
779;70;4;4;3
780;70;4;4;3
781;70;2;5;3
782;70;4;5;3
783;70;2;4;3
784;70;2;4;3
785;70;4;5;3
786;74;2;4;3
787;74;2;4;3
788;74;3;4;3
789;74;3;4;3
790;74;4;3;3
791;74;1;3;3
792;74;2;4;3
793;74;4;4;3
794;74;2;4;3
795;74;3;4;3
796;74;2;2;3
797;74;3;4;3
798;74;4;4;3
799;74;1;3;3
800;74;4;4;3
801;74;3;4;3
802;74;4;4;3
803;77;3;4;3
804;77;3;4;3
805;77;4;4;3
806;77;4;5;3
807;77;2;4;3
808;78;4;3;3
809;78;3;4;3
810;78;4;5;3
811;78;4;4;3
812;78;4;4;3
813;78;3;4;3
814;78;4;4;3
815;78;4;4;3
816;78;4;4;3
817;78;3;5;3
818;78;4;5;3
819;78;4;4;3
820;78;4;4;3
821;78;4;4;3
822;78;4;4;3
823;78;3;4;3
824;78;4;4;3
825;78;4;4;3
826;85;3;4;3
827;85;3;4;3
828;85;3;4;3
829;85;3;3;3
830;85;4;3;3
831;85;3;4;3
832;85;2;4;3
833;85;3;4;3
834;85;2;4;3
835;85;3;4;3
836;85;3;4;3
837;85;4;4;3
838;86;3;4;3
839;86;4;4;3
840;86;4;4;3
841;86;4;5;3
842;86;3;4;3
843;86;4;4;3
844;87;4;4;3
845;87;3;4;3
846;87;4;4;3
847;87;2;4;3
848;87;1;4;3
849;87;3;4;3
850;87;4;4;3
851;87;3;3;3
852;87;4;5;3
853;87;4;4;3
854;101;3;4;3
855;101;4;5;3
856;101;4;4;3
857;101;4;4;3
858;101;4;4;3
859;101;4;5;3
860;101;4;5;3
861;101;4;4;3
862;101;3;4;3
863;101;4;5;3
864;101;4;5;3
865;101;4;5;3
866;101;4;4;3
867;101;4;5;3
868;123;4;4;3
869;123;3;4;3
870;123;4;4;3
871;123;4;4;3
872;123;3;5;3
873;123;4;5;3
874;123;4;4;3
875;123;3;4;3
876;123;4;4;3
877;123;4;4;3
878;123;4;4;3
879;123;4;5;3
880;123;4;4;3
881;123;4;4;3
882;123;4;5;3
883;123;4;5;3
884;123;4;4;3
885;6;1;4;3
886;6;2;4;3
887;6;4;4;3
888;6;2;4;3
889;6;4;4;3
890;6;2;5;3
891;6;2;4;3
892;6;2;3;3
893;6;4;5;3
894;6;4;4;3
895;6;3;5;3
896;6;3;4;3
897;6;3;4;3
898;8;3;4;3
899;8;4;5;3
900;8;4;5;3
901;8;4;4;3
902;8;3;3;3
903;9;4;4;3
904;9;4;4;3
905;9;4;5;3
906;9;2;4;3
907;9;4;4;3
908;9;3;3;3
909;9;3;4;3
910;9;4;4;3
911;9;3;4;3
912;9;4;4;3
913;9;3;4;3
914;9;4;4;3
915;9;4;4;3
916;10;4;3;3
917;10;3;4;3
918;10;4;4;3
919;10;4;4;3
920;10;4;4;3
921;10;4;3;3
922;10;4;4;3
923;26;4;5;3
924;26;4;4;3
925;26;4;4;3
926;26;3;3;3
927;26;3;4;3
928;26;4;4;3
929;26;4;5;3
930;26;4;4;3
931;26;4;5;3
932;26;4;4;3
933;26;4;4;3
934;26;4;5;3
935;26;4;5;3
936;26;4;3;3
937;26;4;4;3
938;26;4;4;3
939;35;4;4;3
940;35;2;4;3
941;35;3;4;3
942;35;4;3;3
943;35;2;3;3
944;35;2;4;3
945;35;3;4;3
946;35;3;4;3
947;35;4;5;3
948;35;3;4;3
949;35;2;4;3
950;35;4;4;3
951;35;4;5;3
952;35;3;4;3
953;35;2;3;3
954;35;4;4;3
955;35;3;4;3
956;35;3;4;3
957;37;3;4;3
958;37;4;4;3
959;37;4;5;3
960;37;3;3;3
961;37;4;4;3
962;48;2;4;3
963;48;4;4;3
964;48;3;4;3
965;48;2;4;3
966;48;1;4;3
967;48;1;4;3
968;48;2;4;3
969;48;3;4;3
970;48;3;4;3
971;51;3;3;3
972;51;1;3;3
973;51;4;4;3
974;51;3;4;3
975;51;4;4;3
976;51;4;4;3
977;51;4;4;3
978;51;3;4;3
979;51;4;4;3
980;51;4;4;3
981;51;4;4;3
982;51;4;5;3
983;51;4;4;3
984;58;1;4;3
985;58;2;1;3
986;58;3;4;3
987;58;2;4;3
988;58;1;4;3
989;58;3;4;3
990;58;3;4;3
991;58;1;1;3
992;58;1;4;3
993;58;1;4;3
994;58;2;4;3
995;58;2;4;3
996;58;1;4;3
997;58;3;4;3
998;58;2;5;3
999;58;3;5;3
1000;58;2;4;3
1001;58;3;4;3
1002;58;1;2;3
1003;100;3;3;3
1004;100;3;4;3
1005;100;2;3;3
1006;100;4;4;3
1007;100;3;4;3
1008;100;3;4;3
1009;100;4;5;3
1010;100;3;5;3
1011;100;3;4;3
1012;100;4;4;3
1013;100;4;4;3
1014;100;4;3;3
1015;100;3;4;3
1016;100;4;5;3
1017;100;4;4;3
1018;100;4;5;3
1019;100;3;4;3
1020;100;4;4;3
1021;100;4;5;3
1022;100;4;4;3
1023;122;3;3;3
1024;122;4;4;3
1025;122;4;4;3
1026;122;3;5;3
1027;122;3;3;3
1028;122;4;3;3
1029;122;3;4;3
1030;122;3;4;3
1031;122;2;4;3
1032;122;4;5;3
1033;122;3;3;3
1034;122;3;4;3
1035;122;3;5;3
1036;122;2;3;3
1037;122;2;3;3
1038;122;3;3;3
1039;122;3;4;3
1040;122;3;4;3
1041;1;4;4;3
1042;1;4;5;3
1043;1;4;4;3
1044;1;4;3;3
1045;1;4;4;3
1046;1;4;4;3
1047;1;4;4;3
1048;1;4;5;3
1049;1;4;5;3
1050;1;4;4;3
1051;3;3;4;3
1052;3;1;4;3
1053;3;4;4;3
1054;3;4;5;3
1055;3;3;4;3
1056;3;3;3;3
1057;3;3;4;3
1058;3;3;4;3
1059;4;3;3;3
1060;4;4;3;3
1061;4;4;5;3
1062;4;3;3;3
1063;4;1;3;3
1064;4;3;3;3
1065;4;4;4;3
1066;4;4;3;3
1067;4;4;3;3
1068;4;3;3;3
1069;29;3;4;3
1070;29;4;4;3
1071;29;4;4;3
1072;29;3;4;3
1073;29;3;4;3
1074;43;3;4;3
1075;43;2;3;3
1076;43;3;3;3
1077;43;3;4;3
1078;43;4;4;3
1079;43;4;4;3
1080;43;4;3;3
1081;43;4;4;3
1082;47;2;3;3
1083;47;3;4;3
1084;47;3;3;3
1085;47;4;5;3
1086;47;3;4;3
1087;47;4;4;3
1088;47;3;2;3
1089;47;1;3;3
1090;47;3;4;3
1091;47;1;3;3
1092;47;4;5;3
1093;47;4;4;3
1094;52;4;3;3
1095;52;4;5;3
1096;52;4;3;3
1097;52;2;4;3
1098;52;3;4;3
1099;52;3;4;3
1100;52;4;4;3
1101;52;3;3;3
1102;52;2;3;3
1103;52;3;3;3
1104;52;4;3;3
1105;52;4;4;3
1106;52;4;4;3
1107;52;4;5;3
1108;52;3;4;3
1109;52;4;3;3
1110;52;3;2;3
1111;52;4;4;3
1112;59;2;3;3
1113;59;2;2;3
1114;59;3;4;3
1115;59;1;3;3
1116;59;2;3;3
1117;59;2;3;3
1118;59;2;4;3
1119;59;3;4;3
1120;59;3;3;3
1121;59;3;3;3
1122;59;2;3;3
1123;59;3;3;3
1124;59;1;3;3
1125;59;2;4;3
1126;80;3;4;3
1127;80;3;2;3
1128;80;2;4;3
1129;80;1;4;3
1130;80;3;4;3
1131;80;4;4;3
1132;103;4;4;3
1133;103;4;5;3
1134;103;3;4;3
1135;103;4;4;3
1136;103;4;4;3
1137;103;4;5;3
1138;107;2;4;3
1139;107;4;3;3
1140;107;4;3;3
1141;107;3;5;3
1142;107;4;5;3
1143;107;3;5;3
1144;107;4;5;3
1145;107;4;4;3
1146;107;4;4;3
1147;107;4;5;3
1148;107;4;5;3
1149;108;4;4;3
1150;108;4;3;3
1151;108;4;3;3
1152;108;4;4;3
1153;108;4;3;3
1154;108;4;4;3
1155;108;4;5;3
1156;108;4;4;3
1157;108;2;2;3
1158;108;3;4;3
1159;109;4;5;3
1160;109;4;4;3
1161;109;3;4;3
1162;109;4;4;3
1163;109;4;3;3
1164;109;4;4;3
1165;114;4;4;3
1166;114;3;5;3
1167;114;2;3;3
1168;114;1;4;3
1169;114;4;4;3
1170;114;4;4;3
1171;114;2;4;3
1172;114;3;4;3
1173;114;3;4;3
1174;120;4;5;3
1175;120;4;4;3
1176;120;4;4;3
1177;120;3;4;3
1178;120;3;3;3
1179;120;3;4;3
1180;120;4;4;3
1181;120;4;4;3
1182;120;4;4;3
1183;120;4;4;3
1184;120;4;4;3
1185;33;4;4;3
1186;33;4;5;3
1187;33;3;4;3
1188;33;3;4;3
1189;33;4;4;3
1190;33;3;4;3
1191;33;3;5;3
1192;33;3;5;3
1193;95;2;4;3
1194;95;1;3;3
1195;95;4;3;3
1196;95;4;4;3
1197;95;4;4;3
1198;95;4;4;3
1199;95;3;4;3
1200;95;4;4;3
1201;95;3;3;3
1202;95;3;3;3
1203;95;4;5;3
1204;95;4;3;3
1205;95;3;2;3
1206;95;4;3;3
1207;95;4;4;3
1208;13;3;4;3
1209;13;3;4;3
1210;13;3;4;3
1211;13;2;4;3
1212;13;4;4;3
1213;13;3;4;3
1214;13;3;4;3
1215;13;3;4;3
1216;13;3;4;3
1217;13;2;4;3
1218;13;4;4;3
1219;13;3;4;3
1220;13;3;4;3
1221;13;3;4;3
1222;13;3;4;3
1223;13;2;4;3
1224;13;4;4;3
1225;13;3;4;3
1226;16;4;5;3
1227;16;4;4;3
1228;16;4;4;3
1229;16;4;4;3
1230;16;4;4;3
1231;16;4;4;3
1232;16;4;5;3
1233;16;4;5;3
1234;25;4;4;3
1235;25;4;5;3
1236;25;4;4;3
1237;25;1;3;3
1238;25;4;4;3
1239;32;4;4;3
1240;32;4;3;3
1241;32;3;3;3
1242;32;4;4;3
1243;32;4;5;3
1244;32;3;5;3
1245;32;3;5;3
1246;32;4;4;3
1247;32;4;3;3
1248;32;4;4;3
1249;32;4;4;3
1250;32;3;4;3
1251;32;3;3;3
1252;32;4;3;3
1253;32;4;3;3
1254;32;4;4;3
1255;32;4;4;3
1256;32;4;5;3
1257;53;2;4;3
1258;53;4;4;3
1259;53;3;4;3
1260;53;3;4;3
1261;53;4;5;3
1262;53;3;3;3
1263;53;4;4;3
1264;53;1;4;3
1265;53;2;3;3
1266;53;2;4;3
1267;54;3;4;3
1268;54;4;4;3
1269;54;4;4;3
1270;54;4;4;3
1271;54;4;4;3
1272;54;4;4;3
1273;54;3;4;3
1274;54;4;4;3
1275;55;2;3;3
1276;55;4;3;3
1277;55;4;5;3
1278;55;3;3;3
1279;55;3;4;3
1280;55;3;4;3
1281;55;3;4;3
1282;55;3;2;3
1283;55;3;3;3
1284;55;4;3;3
1285;55;1;3;3
1286;55;3;4;3
1287;55;2;4;3
1288;71;4;4;3
1289;71;4;4;3
1290;71;4;4;3
1291;71;4;4;3
1292;71;4;4;3
1293;71;4;4;3
1294;71;4;4;3
1295;71;4;4;3
1296;71;4;4;3
1297;71;4;4;3
1298;71;4;4;3
1299;71;4;4;3
1300;71;3;4;3
1301;71;4;4;3
1302;71;4;4;3
1303;71;3;4;3
1304;88;3;4;3
1305;88;3;4;3
1306;88;3;3;3
1307;88;4;4;3
1308;88;3;4;3
1309;90;2;3;3
1310;90;4;4;3
1311;90;4;4;3
1312;90;4;4;3
1313;90;4;5;3
1314;90;4;4;3
1315;90;4;4;3
1316;90;4;5;3
1317;90;4;4;3
1318;90;4;4;3
1319;90;4;4;3
1320;90;4;4;3
1321;90;4;5;3
1322;90;4;4;3
1323;90;4;5;3
1324;91;4;4;3
1325;91;4;4;3
1326;91;3;3;3
1327;91;3;3;3
1328;91;4;4;3
1329;91;4;4;3
1330;91;4;4;3
1331;91;4;4;3
1332;92;2;3;3
1333;92;2;4;3
1334;92;1;3;3
1335;92;3;4;3
1336;92;1;3;3
1337;92;1;3;3
1338;92;2;4;3
1339;92;3;4;3
1340;92;4;4;3
1341;92;3;3;3
1342;92;1;4;3
1343;92;2;3;3
1344;92;3;3;3
1345;92;4;4;3
1346;92;4;4;3
1347;92;3;5;3
1348;92;3;3;3
1349;93;3;4;3
1350;93;4;4;3
1351;93;4;4;3
1352;93;4;4;3
1353;93;3;4;3
1354;93;4;4;3
1355;93;4;4;3
1356;93;3;4;3
1357;93;4;4;3
1358;93;3;3;3
1359;102;3;4;3
1360;102;1;3;3
1361;102;4;4;3
1362;102;4;5;3
1363;102;3;4;3
1364;102;3;4;3
1365;102;4;4;3
1366;104;4;4;3
1367;104;4;5;3
1368;104;3;4;3
1369;104;4;4;3
1370;104;4;4;3
1371;104;3;4;3
1372;104;4;4;3
1373;104;3;3;3
1374;105;4;5;3
1375;105;4;4;3
1376;105;4;4;3
1377;105;4;5;3
1378;105;4;4;3
1379;105;4;5;3
1380;105;4;4;3
1;5;2;3;4
2;5;2;4;4
3;5;1;3;4
4;5;3;4;4
5;5;2;3;4
6;5;3;4;4
7;5;3;4;4
8;5;3;3;4
9;5;3;4;4
10;5;3;4;4
11;5;2;3;4
12;5;2;3;4
13;5;4;5;4
14;11;4;4;4
15;11;3;3;4
16;11;4;4;4
17;11;4;4;4
18;11;4;4;4
19;11;3;4;4
20;11;3;3;4
21;11;3;4;4
22;11;4;4;4
23;11;3;4;4
24;11;4;4;4
25;11;4;4;4
26;12;3;4;4
27;12;3;3;4
28;12;3;4;4
29;12;4;4;4
30;12;4;4;4
31;12;3;4;4
32;12;3;4;4
33;12;3;3;4
34;12;4;4;4
35;12;4;4;4
36;12;3;4;4
37;12;4;3;4
38;14;3;3;4
39;14;4;4;4
40;14;4;4;4
41;14;2;4;4
42;14;3;3;4
43;14;3;3;4
44;14;3;4;4
45;14;3;4;4
46;14;3;3;4
47;14;3;4;4
48;14;3;4;4
49;14;3;4;4
50;14;3;4;4
51;14;4;4;4
52;14;2;4;4
53;14;3;4;4
54;34;3;3;4
55;34;2;4;4
56;34;3;3;4
57;34;2;4;4
58;34;2;4;4
59;34;2;3;4
60;46;3;4;4
61;46;3;4;4
62;46;3;4;4
63;46;3;4;4
64;46;4;4;4
65;46;4;4;4
66;46;3;4;4
67;46;4;4;4
68;46;3;3;4
69;46;4;2;4
70;46;3;4;4
71;46;4;4;4
72;46;3;4;4
73;46;2;1;4
74;46;3;3;4
75;46;3;3;4
76;46;3;4;4
77;46;3;3;4
78;46;3;4;4
79;46;3;4;4
80;56;4;4;4
81;56;4;4;4
82;56;4;4;4
83;56;4;4;4
84;56;4;4;4
85;56;4;3;4
86;75;3;4;4
87;75;2;4;4
88;75;4;5;4
89;75;4;5;4
90;75;4;4;4
91;75;4;4;4
92;75;3;4;4
93;75;4;4;4
94;75;4;4;4
95;75;4;4;4
96;75;3;4;4
97;75;4;5;4
98;75;4;5;4
99;75;3;4;4
100;75;4;4;4
101;75;3;5;4
102;75;4;4;4
103;75;4;4;4
104;76;3;4;4
105;76;3;4;4
106;76;3;4;4
107;76;4;5;4
108;76;3;4;4
109;76;3;4;4
110;76;4;5;4
111;76;3;4;4
112;76;4;4;4
113;76;4;4;4
114;76;3;3;4
115;76;3;4;4
116;76;3;4;4
117;76;3;5;4
118;76;3;4;4
119;76;3;4;4
120;76;4;4;4
121;83;4;4;4
122;83;4;5;4
123;83;4;4;4
124;83;4;4;4
125;83;4;5;4
126;2;3;3;4
127;2;3;3;4
128;2;4;4;4
129;2;3;4;4
130;2;2;3;4
131;2;3;4;4
132;2;4;3;4
133;2;4;3;4
134;27;3;4;4
135;27;3;4;4
136;27;3;4;4
137;27;3;4;4
138;27;3;3;4
139;27;3;4;4
140;27;3;4;4
141;27;3;5;4
142;27;4;4;4
143;27;4;3;4
144;27;3;4;4
145;72;3;3;4
146;72;2;4;4
147;72;3;4;4
148;72;3;4;4
149;72;3;4;4
150;72;3;4;4
151;72;4;4;4
152;72;4;5;4
153;72;4;5;4
154;72;3;3;4
155;72;3;3;4
156;72;4;3;4
157;72;3;4;4
158;72;3;4;4
159;72;3;4;4
160;72;4;5;4
161;73;3;4;4
162;73;3;4;4
163;73;4;5;4
164;73;4;5;4
165;73;4;3;4
166;73;3;4;4
167;73;3;4;4
168;73;4;4;4
169;73;4;4;4
170;73;4;4;4
171;73;4;5;4
172;79;3;4;4
173;79;3;4;4
174;79;4;4;4
175;79;4;4;4
176;79;2;4;4
177;79;2;3;4
178;79;3;3;4
179;79;3;4;4
180;79;3;4;4
181;79;3;4;4
182;79;3;4;4
183;79;3;3;4
184;81;3;4;4
185;81;4;5;4
186;81;3;3;4
187;81;4;4;4
188;81;4;4;4
189;82;4;4;4
190;82;4;4;4
191;82;3;4;4
192;82;4;4;4
193;82;4;5;4
194;82;4;4;4
195;82;4;4;4
196;82;3;5;4
197;82;4;3;4
198;82;3;4;4
199;96;3;5;4
200;96;4;4;4
201;96;3;4;4
202;96;3;4;4
203;96;3;5;4
204;96;4;5;4
205;96;3;4;4
206;96;1;3;4
207;96;3;4;4
208;96;4;5;4
209;96;1;2;4
210;96;2;4;4
211;96;3;4;4
212;96;4;4;4
213;96;3;4;4
214;96;4;3;4
215;96;3;4;4
216;96;2;4;4
217;97;3;4;4
218;97;4;4;4
219;97;1;4;4
220;97;3;4;4
221;97;4;4;4
222;97;1;4;4
223;97;3;5;4
224;97;3;4;4
225;97;4;4;4
226;98;3;4;4
227;98;4;4;4
228;98;3;4;4
229;98;4;4;4
230;98;4;5;4
231;98;4;4;4
232;98;4;5;4
233;98;4;3;4
234;98;3;4;4
235;110;2;3;4
236;110;3;4;4
237;110;3;4;4
238;110;3;3;4
239;110;3;2;4
240;110;4;3;4
241;110;3;4;4
242;111;3;3;4
243;111;3;4;4
244;111;3;4;4
245;111;3;4;4
246;111;3;5;4
247;111;4;3;4
248;111;2;2;4
249;111;3;3;4
250;111;3;3;4
251;111;3;4;4
252;111;3;4;4
253;111;4;3;4
254;111;3;4;4
255;111;4;4;4
256;111;4;4;4
257;111;3;4;4
258;111;4;4;4
259;111;3;4;4
260;111;4;5;4
261;111;4;5;4
262;112;3;3;4
263;112;4;5;4
264;112;4;5;4
265;112;3;4;4
266;112;4;4;4
267;112;3;5;4
268;112;3;4;4
269;112;4;4;4
270;112;4;4;4
271;112;3;4;4
272;112;4;4;4
273;112;4;4;4
274;112;4;5;4
275;112;3;4;4
276;112;4;4;4
277;113;3;4;4
278;113;4;4;4
279;113;3;5;4
280;113;4;5;4
281;113;3;4;4
282;113;3;4;4
283;113;3;4;4
284;113;3;3;4
285;113;2;4;4
286;113;2;2;4
287;113;4;4;4
288;113;4;4;4
289;115;3;3;4
290;115;3;4;4
291;115;4;4;4
292;115;3;3;4
293;115;2;4;4
294;115;2;4;4
295;115;3;3;4
296;115;3;3;4
297;116;4;4;4
298;116;4;4;4
299;116;4;3;4
300;116;4;4;4
301;116;4;4;4
302;116;3;4;4
303;116;4;4;4
304;116;4;4;4
305;116;4;4;4
306;116;4;4;4
307;116;4;4;4
308;116;3;3;4
309;7;4;4;4
310;7;4;5;4
311;7;3;4;4
312;7;4;4;4
313;7;4;4;4
314;7;4;5;4
315;7;4;4;4
316;7;4;4;4
317;7;4;5;4
318;15;2;3;4
319;15;3;3;4
320;15;3;4;4
321;15;4;4;4
322;15;4;4;4
323;15;4;5;4
324;15;3;4;4
325;15;3;4;4
326;15;3;3;4
327;15;4;4;4
328;15;2;3;4
329;15;3;3;4
330;15;3;4;4
331;15;4;4;4
332;15;4;4;4
333;15;4;4;4
334;15;3;4;4
335;15;3;4;4
336;15;3;3;4
337;15;4;4;4
338;17;3;4;4
339;17;4;4;4
340;17;3;3;4
341;17;4;4;4
342;17;4;4;4
343;17;4;5;4
344;17;3;3;4
345;17;4;5;4
346;17;3;4;4
347;17;3;4;4
348;17;4;4;4
349;17;4;5;4
350;17;4;4;4
351;17;4;5;4
352;17;3;4;4
353;17;4;5;4
354;17;3;3;4
355;17;3;4;4
356;18;3;4;4
357;18;3;4;4
358;18;3;4;4
359;18;3;4;4
360;18;4;4;4
361;18;4;5;4
362;18;3;4;4
363;18;3;5;4
364;18;3;5;4
365;18;3;4;4
366;18;3;4;4
367;18;3;4;4
368;18;4;4;4
369;18;3;5;4
370;18;4;5;4
371;18;3;4;4
372;18;3;5;4
373;18;3;5;4
374;19;4;4;4
375;19;3;3;4
376;19;4;4;4
377;19;3;4;4
378;19;4;4;4
380;19;3;4;4
381;19;4;4;4
382;19;3;3;4
383;19;4;4;4
384;19;3;4;4
385;19;4;4;4
387;19;3;4;4
388;84;3;4;4
389;84;4;4;4
390;84;4;4;4
391;84;4;5;4
392;84;4;4;4
393;84;4;4;4
394;99;4;4;4
395;99;3;4;4
396;99;4;4;4
397;99;3;4;4
400;99;2;4;4
401;99;3;5;4
402;99;3;5;4
403;99;4;5;4
406;99;2;4;4
407;99;3;5;4
408;99;3;5;4
409;99;4;5;4
410;99;4;4;4
411;99;3;4;4
412;99;1;4;4
413;99;3;4;4
414;119;3;3;4
415;119;3;4;4
416;119;3;4;4
417;119;3;4;4
418;119;3;4;4
419;119;4;4;4
420;119;3;3;4
421;119;3;4;4
422;119;3;4;4
423;119;3;4;4
424;119;3;4;4
425;119;4;4;4
426;121;4;3;4
427;121;3;4;4
428;121;4;5;4
429;121;3;4;4
430;121;3;4;4
431;121;3;4;4
432;121;3;4;4
433;121;4;4;4
434;121;3;4;4
435;121;3;4;4
436;121;4;4;4
437;121;3;4;4
438;121;3;3;4
439;121;3;4;4
441;121;3;4;4
442;121;3;4;4
443;121;3;4;4
444;21;4;3;4
445;21;3;3;4
446;21;3;3;4
447;21;4;3;4
448;21;3;4;4
449;21;3;3;4
450;21;3;4;4
451;22;3;3;4
452;22;3;3;4
453;22;3;3;4
454;22;4;4;4
455;22;3;3;4
456;22;3;3;4
457;22;4;4;4
458;22;3;4;4
459;22;4;4;4
460;22;3;3;4
461;22;3;4;4
462;22;3;4;4
463;22;2;4;4
464;22;2;2;4
465;22;4;2;4
466;23;4;4;4
467;23;4;5;4
468;23;3;4;4
469;23;3;3;4
470;23;3;4;4
471;23;4;4;4
472;23;4;5;4
473;24;4;3;4
474;24;3;4;4
475;24;4;4;4
476;24;4;5;4
477;24;3;4;4
478;24;3;4;4
479;24;3;3;4
480;24;3;4;4
481;24;4;4;4
482;24;3;4;4
483;24;3;4;4
484;24;3;2;4
485;24;3;4;4
486;24;2;3;4
487;24;3;3;4
488;24;3;3;4
489;24;4;4;4
490;24;3;4;4
491;31;3;4;4
492;31;4;5;4
493;31;3;4;4
494;31;4;4;4
495;31;4;4;4
496;31;4;4;4
497;31;4;5;4
498;36;3;3;4
499;36;3;3;4
500;36;3;3;4
501;36;4;3;4
502;36;3;3;4
503;36;4;4;4
504;36;3;4;4
505;44;4;5;4
506;44;3;4;4
507;44;3;4;4
508;44;4;4;4
509;44;4;5;4
510;44;3;3;4
511;44;3;4;4
512;44;3;4;4
513;44;4;4;4
514;44;3;4;4
515;44;3;4;4
516;44;3;3;4
517;44;4;4;4
518;49;1;4;4
519;49;2;4;4
520;49;2;4;4
521;49;2;4;4
522;49;2;4;4
523;49;1;4;4
524;49;1;1;4
525;49;1;4;4
526;49;2;4;4
527;49;2;4;4
528;49;2;4;4
529;49;2;4;4
530;49;1;4;4
531;49;2;4;4
532;49;2;4;4
533;49;1;4;4
534;49;1;1;4
535;49;2;4;4
536;49;1;4;4
537;49;2;4;4
538;60;4;4;4
539;60;4;4;4
540;60;4;5;4
541;60;3;3;4
542;60;3;4;4
543;60;3;4;4
544;60;4;4;4
545;60;3;3;4
546;61;2;3;4
547;61;3;4;4
548;61;4;4;4
549;61;3;4;4
550;61;4;5;4
551;61;2;3;4
552;61;4;4;4
553;62;3;4;4
554;62;3;5;4
555;62;3;3;4
557;62;3;4;4
558;62;3;4;4
559;62;4;5;4
560;62;4;5;4
561;62;3;3;4
562;62;3;3;4
563;62;3;4;4
564;62;3;5;4
565;62;4;5;4
566;62;4;5;4
567;62;4;5;4
568;63;3;3;4
569;63;4;4;4
570;63;4;3;4
571;63;4;3;4
572;63;3;3;4
573;63;3;4;4
574;63;4;5;4
575;63;4;5;4
576;64;2;4;4
577;64;2;3;4
578;64;4;5;4
579;64;2;3;4
580;64;2;3;4
581;64;3;4;4
582;64;2;3;4
583;64;3;4;4
584;64;3;4;4
585;64;3;4;4
586;64;3;4;4
587;64;4;5;4
588;64;4;3;4
589;64;3;3;4
590;64;3;4;4
591;64;4;3;4
592;64;3;4;4
593;65;4;4;4
594;65;3;4;4
595;65;3;3;4
596;65;3;4;4
597;65;4;5;4
598;65;3;3;4
599;65;2;4;4
600;66;4;5;4
601;66;3;4;4
602;66;3;3;4
603;66;4;5;4
604;66;4;5;4
606;66;4;4;4
607;66;4;4;4
608;67;3;4;4
609;67;3;5;4
610;67;3;5;4
611;67;4;5;4
612;67;3;5;4
613;67;4;3;4
614;67;3;4;4
616;67;3;4;4
617;67;3;4;4
618;67;4;4;4
619;68;3;4;4
620;68;2;4;4
621;68;3;4;4
622;68;2;4;4
623;68;3;5;4
624;68;3;5;4
625;68;3;4;4
626;68;2;4;4
627;68;3;4;4
628;68;4;4;4
629;68;1;4;4
630;68;1;4;4
631;68;2;4;4
632;68;4;4;4
633;69;3;4;4
634;69;3;4;4
635;69;3;4;4
636;69;3;4;4
637;69;3;4;4
638;69;3;4;4
639;69;3;5;4
640;69;3;4;4
641;69;3;2;4
642;69;3;3;4
643;69;3;4;4
644;69;3;4;4
645;69;3;4;4
646;69;3;4;4
648;89;3;4;4
649;89;4;4;4
650;89;3;4;4
651;89;3;5;4
652;89;4;5;4
653;89;4;5;4
654;89;4;4;4
655;94;4;4;4
656;94;2;4;4
657;94;3;4;4
658;94;2;4;4
659;94;3;5;4
660;94;3;4;4
661;106;4;5;4
662;106;4;5;4
663;106;4;5;4
664;106;4;5;4
665;106;4;5;4
666;106;3;3;4
667;117;4;5;4
668;117;4;4;4
669;117;3;4;4
670;117;2;4;4
671;117;3;4;4
672;118;3;4;4
673;118;4;5;4
674;118;3;4;4
675;118;3;3;4
676;118;3;4;4
677;118;4;4;4
678;118;4;4;4
679;118;3;5;4
680;118;3;3;4
681;118;2;4;4
682;118;4;5;4
683;118;4;5;4
684;20;3;4;4
685;20;3;5;4
686;20;3;4;4
687;20;3;3;4
688;20;3;4;4
689;20;4;4;4
690;20;4;4;4
691;20;3;4;4
692;20;3;4;4
693;20;2;4;4
694;28;4;4;4
695;28;3;4;4
696;28;4;5;4
697;28;3;5;4
698;28;3;5;4
699;28;4;4;4
700;28;2;5;4
701;30;2;4;4
702;30;2;3;4
703;30;3;4;4
704;30;1;2;4
705;30;1;3;4
706;30;3;3;4
707;30;3;4;4
708;30;3;4;4
709;30;2;2;4
710;30;2;2;4
711;30;2;4;4
712;38;3;4;4
713;38;4;4;4
714;38;3;5;4
715;38;3;5;4
716;38;4;5;4
717;38;3;4;4
718;39;4;4;4
719;39;4;5;4
720;39;3;4;4
721;39;2;4;4
722;39;3;4;4
723;40;1;4;4
724;40;1;4;4
725;40;3;4;4
726;40;2;4;4
727;40;1;4;4
728;40;2;4;4
729;40;1;2;4
730;40;2;3;4
731;40;2;4;4
732;40;2;4;4
733;40;2;4;4
734;40;2;4;4
735;40;1;3;4
736;40;1;3;4
737;40;1;4;4
738;40;2;3;4
739;41;3;4;4
740;41;3;4;4
741;41;3;4;4
742;41;3;4;4
743;41;3;4;4
744;41;4;4;4
745;42;4;4;4
746;42;4;4;4
747;42;3;4;4
748;42;4;5;4
749;42;4;4;4
750;42;3;3;4
751;42;4;4;4
752;42;4;4;4
753;42;4;4;4
754;45;3;5;4
755;45;3;3;4
756;45;4;5;4
757;45;4;5;4
758;50;4;4;4
759;50;3;4;4
760;50;4;4;4
761;50;4;5;4
762;50;3;4;4
763;50;4;4;4
764;50;3;4;4
765;50;3;4;4
766;50;4;4;4
767;57;4;4;4
768;57;4;4;4
769;57;4;5;4
770;57;2;4;4
771;57;4;4;4
772;70;4;4;4
773;70;4;4;4
774;70;2;5;4
775;70;4;5;4
776;70;2;4;4
777;70;2;4;4
778;70;4;5;4
779;70;4;4;4
780;70;4;4;4
781;70;2;5;4
782;70;4;5;4
783;70;2;4;4
784;70;2;4;4
785;70;4;5;4
786;74;3;4;4
787;74;3;4;4
788;74;3;4;4
789;74;3;4;4
790;74;3;3;4
791;74;2;3;4
792;74;2;4;4
793;74;4;4;4
794;74;2;4;4
795;74;3;4;4
796;74;3;2;4
797;74;3;4;4
798;74;4;4;4
799;74;2;3;4
800;74;4;4;4
801;74;4;4;4
802;74;4;4;4
803;77;4;4;4
804;77;3;4;4
805;77;4;4;4
806;77;3;5;4
807;77;4;4;4
808;78;4;3;4
809;78;4;4;4
810;78;3;5;4
811;78;3;4;4
812;78;4;4;4
813;78;4;4;4
814;78;4;4;4
815;78;4;4;4
816;78;4;4;4
817;78;3;5;4
818;78;4;5;4
819;78;4;4;4
820;78;4;4;4
821;78;4;4;4
822;78;4;4;4
823;78;4;4;4
824;78;4;4;4
825;78;4;4;4
826;85;4;4;4
827;85;3;4;4
828;85;3;4;4
829;85;3;3;4
830;85;4;3;4
831;85;4;4;4
832;85;2;4;4
833;85;3;4;4
834;85;3;4;4
835;85;3;4;4
836;85;4;4;4
837;85;4;4;4
838;86;3;4;4
839;86;3;4;4
840;86;4;4;4
841;86;4;5;4
842;86;3;4;4
843;86;4;4;4
844;87;4;4;4
845;87;3;4;4
846;87;3;4;4
847;87;2;4;4
848;87;1;4;4
849;87;4;4;4
850;87;4;4;4
851;87;4;3;4
852;87;3;5;4
853;87;3;4;4
854;101;4;4;4
855;101;4;5;4
856;101;4;4;4
857;101;4;4;4
858;101;4;4;4
859;101;4;5;4
860;101;4;5;4
861;101;4;4;4
862;101;3;4;4
863;101;4;5;4
864;101;4;5;4
865;101;4;5;4
866;101;4;4;4
867;101;4;5;4
868;123;4;4;4
869;123;4;4;4
870;123;4;4;4
871;123;4;4;4
872;123;4;5;4
873;123;4;5;4
874;123;4;4;4
875;123;4;4;4
876;123;4;4;4
877;123;4;4;4
878;123;4;4;4
879;123;4;5;4
880;123;3;4;4
881;123;4;4;4
882;123;4;5;4
883;123;4;5;4
884;123;4;4;4
885;6;2;4;4
886;6;1;4;4
887;6;4;4;4
888;6;2;4;4
889;6;3;4;4
890;6;3;5;4
891;6;2;4;4
892;6;2;3;4
893;6;3;5;4
894;6;4;4;4
895;6;3;5;4
896;6;3;4;4
897;6;4;4;4
898;8;3;4;4
899;8;4;5;4
900;8;4;5;4
901;8;4;4;4
902;8;3;3;4
903;9;4;4;4
904;9;4;4;4
905;9;4;5;4
906;9;3;4;4
907;9;4;4;4
908;9;3;3;4
909;9;3;4;4
910;9;4;4;4
911;9;3;4;4
912;9;4;4;4
913;9;3;4;4
914;9;3;4;4
915;9;3;4;4
916;10;4;3;4
917;10;3;4;4
918;10;4;4;4
919;10;4;4;4
920;10;4;4;4
921;10;3;3;4
922;10;4;4;4
923;26;4;5;4
924;26;4;4;4
925;26;4;4;4
926;26;4;3;4
927;26;3;4;4
928;26;4;4;4
929;26;4;5;4
930;26;4;4;4
931;26;4;5;4
932;26;3;4;4
933;26;4;4;4
934;26;4;5;4
935;26;4;5;4
936;26;4;3;4
937;26;4;4;4
938;26;3;4;4
939;35;4;4;4
940;35;3;4;4
941;35;3;4;4
942;35;4;3;4
943;35;2;3;4
944;35;2;4;4
945;35;3;4;4
946;35;3;4;4
947;35;4;5;4
948;35;3;4;4
949;35;3;4;4
950;35;3;4;4
951;35;4;5;4
952;35;3;4;4
953;35;3;3;4
954;35;4;4;4
955;35;3;4;4
956;35;4;4;4
957;37;4;4;4
958;37;4;4;4
959;37;4;5;4
960;37;3;3;4
961;37;3;4;4
962;48;2;4;4
963;48;4;4;4
964;48;4;4;4
965;48;3;4;4
966;48;2;4;4
967;48;3;4;4
968;48;2;4;4
969;48;3;4;4
970;48;3;4;4
971;51;3;3;4
972;51;3;3;4
973;51;3;4;4
974;51;3;4;4
975;51;4;4;4
976;51;4;4;4
977;51;3;4;4
978;51;3;4;4
979;51;4;4;4
980;51;4;4;4
981;51;4;4;4
982;51;4;5;4
983;51;4;4;4
984;58;2;4;4
985;58;1;1;4
986;58;3;4;4
987;58;2;4;4
988;58;2;4;4
989;58;3;4;4
990;58;2;4;4
991;58;1;1;4
992;58;1;4;4
993;58;1;4;4
994;58;2;4;4
995;58;2;4;4
996;58;2;4;4
997;58;3;4;4
998;58;2;5;4
999;58;3;5;4
1000;58;3;4;4
1001;58;3;4;4
1002;58;1;2;4
1003;100;3;3;4
1004;100;4;4;4
1005;100;3;3;4
1006;100;4;4;4
1007;100;3;4;4
1008;100;3;4;4
1009;100;4;5;4
1010;100;4;5;4
1011;100;3;4;4
1012;100;4;4;4
1013;100;4;4;4
1014;100;4;3;4
1015;100;4;4;4
1016;100;4;5;4
1017;100;4;4;4
1018;100;4;5;4
1019;100;4;4;4
1020;100;3;4;4
1021;100;4;5;4
1022;100;4;4;4
1023;122;3;3;4
1024;122;4;4;4
1025;122;4;4;4
1026;122;3;5;4
1027;122;3;3;4
1028;122;3;3;4
1029;122;3;4;4
1030;122;3;4;4
1031;122;3;4;4
1032;122;3;5;4
1033;122;2;3;4
1034;122;3;4;4
1035;122;3;5;4
1036;122;2;3;4
1037;122;3;3;4
1038;122;4;3;4
1039;122;3;4;4
1040;122;3;4;4
1041;1;4;4;4
1042;1;4;5;4
1043;1;4;4;4
1044;1;4;3;4
1045;1;3;4;4
1046;1;4;4;4
1047;1;4;4;4
1048;1;4;5;4
1049;1;4;5;4
1050;1;4;4;4
1051;3;3;4;4
1052;3;2;4;4
1053;3;4;4;4
1054;3;4;5;4
1055;3;3;4;4
1056;3;3;3;4
1057;3;3;4;4
1058;3;2;4;4
1059;4;2;3;4
1060;4;3;3;4
1061;4;4;5;4
1062;4;3;3;4
1063;4;2;3;4
1064;4;4;3;4
1065;4;3;4;4
1066;4;3;3;4
1067;4;3;3;4
1068;4;2;3;4
1069;29;3;4;4
1070;29;3;4;4
1071;29;4;4;4
1072;29;3;4;4
1073;29;3;4;4
1074;43;4;4;4
1075;43;2;3;4
1076;43;3;3;4
1077;43;3;4;4
1078;43;3;4;4
1079;43;4;4;4
1080;43;4;3;4
1081;43;3;4;4
1082;47;2;3;4
1083;47;3;4;4
1084;47;3;3;4
1085;47;4;5;4
1086;47;3;4;4
1087;47;4;4;4
1088;47;3;2;4
1089;47;2;3;4
1090;47;3;4;4
1091;47;2;3;4
1092;47;4;5;4
1093;47;4;4;4
1094;52;4;3;4
1095;52;4;5;4
1096;52;2;3;4
1097;52;3;4;4
1098;52;3;4;4
1099;52;3;4;4
1100;52;3;4;4
1101;52;3;3;4
1102;52;2;3;4
1103;52;3;3;4
1104;52;3;3;4
1105;52;3;4;4
1106;52;4;4;4
1107;52;4;5;4
1108;52;3;4;4
1109;52;4;3;4
1110;52;3;2;4
1111;52;4;4;4
1112;59;2;3;4
1113;59;2;2;4
1114;59;2;4;4
1115;59;1;3;4
1116;59;3;3;4
1117;59;2;3;4
1118;59;2;4;4
1119;59;4;4;4
1120;59;4;3;4
1121;59;3;3;4
1122;59;3;3;4
1123;59;3;3;4
1124;59;1;3;4
1125;59;3;4;4
1126;80;3;4;4
1127;80;4;2;4
1128;80;3;4;4
1129;80;2;4;4
1130;80;3;4;4
1131;80;4;4;4
1132;103;4;4;4
1133;103;4;5;4
1134;103;4;4;4
1135;103;3;4;4
1136;103;4;4;4
1137;103;4;5;4
1138;107;4;4;4
1139;107;4;3;4
1140;107;4;3;4
1141;107;4;5;4
1142;107;4;5;4
1143;107;4;5;4
1144;107;4;5;4
1145;107;4;4;4
1146;107;4;4;4
1147;107;4;5;4
1148;107;4;5;4
1149;108;3;4;4
1150;108;4;3;4
1151;108;4;3;4
1152;108;4;4;4
1153;108;4;3;4
1154;108;3;4;4
1155;108;4;5;4
1156;108;4;4;4
1157;108;1;2;4
1158;108;3;4;4
1159;109;4;5;4
1160;109;4;4;4
1162;109;4;4;4
1163;109;3;3;4
1164;109;4;4;4
1165;114;3;4;4
1166;114;3;5;4
1167;114;2;3;4
1168;114;2;4;4
1169;114;2;4;4
1170;114;4;4;4
1171;114;2;4;4
1172;114;2;4;4
1173;114;3;4;4
1174;120;4;5;4
1175;120;3;4;4
1176;120;4;4;4
1177;120;3;4;4
1178;120;3;3;4
1179;120;3;4;4
1180;120;4;4;4
1181;120;3;4;4
1182;120;4;4;4
1183;120;4;4;4
1184;120;4;4;4
1185;33;4;4;4
1186;33;4;5;4
1187;33;4;4;4
1188;33;3;4;4
1189;33;4;4;4
1190;33;3;4;4
1191;33;3;5;4
1192;33;3;5;4
1193;95;3;4;4
1194;95;2;3;4
1195;95;4;3;4
1196;95;4;4;4
1197;95;4;4;4
1198;95;4;4;4
1199;95;3;4;4
1200;95;3;4;4
1201;95;3;3;4
1202;95;4;3;4
1203;95;4;5;4
1204;95;4;3;4
1205;95;4;2;4
1206;95;3;3;4
1207;95;4;4;4
1208;13;3;4;4
1209;13;3;4;4
1210;13;3;4;4
1211;13;3;4;4
1212;13;4;4;4
1213;13;3;4;4
1214;13;3;4;4
1215;13;3;4;4
1216;13;3;4;4
1217;13;3;4;4
1218;13;4;4;4
1219;13;3;4;4
1220;13;3;4;4
1221;13;3;4;4
1222;13;3;4;4
1223;13;3;4;4
1224;13;4;4;4
1225;13;3;4;4
1226;16;4;5;4
1227;16;4;4;4
1228;16;4;4;4
1229;16;4;4;4
1230;16;3;4;4
1231;16;4;4;4
1232;16;3;5;4
1233;16;4;5;4
1234;25;4;4;4
1235;25;4;5;4
1236;25;4;4;4
1237;25;3;3;4
1238;25;4;4;4
1240;32;4;3;4
1241;32;3;3;4
1242;32;4;4;4
1243;32;4;5;4
1244;32;4;5;4
1245;32;4;5;4
1246;32;4;4;4
1247;32;4;3;4
1248;32;4;4;4
1249;32;4;4;4
1250;32;3;4;4
1251;32;3;3;4
1252;32;4;3;4
1253;32;4;3;4
1255;32;4;4;4
1256;32;4;5;4
1257;53;3;4;4
1258;53;4;4;4
1259;53;3;4;4
1260;53;3;4;4
1261;53;4;5;4
1262;53;3;3;4
1263;53;3;4;4
1264;53;2;4;4
1265;53;3;3;4
1266;53;3;4;4
1267;54;4;4;4
1268;54;4;4;4
1269;54;4;4;4
1270;54;4;4;4
1271;54;4;4;4
1272;54;4;4;4
1273;54;3;4;4
1274;54;4;4;4
1275;55;2;3;4
1276;55;3;3;4
1277;55;3;5;4
1278;55;3;3;4
1279;55;3;4;4
1280;55;3;4;4
1281;55;3;4;4
1282;55;2;2;4
1283;55;2;3;4
1284;55;3;3;4
1285;55;3;3;4
1286;55;3;4;4
1287;55;2;4;4
1288;71;3;4;4
1289;71;4;4;4
1290;71;4;4;4
1291;71;4;4;4
1292;71;4;4;4
1293;71;4;4;4
1294;71;4;4;4
1295;71;4;4;4
1296;71;4;4;4
1297;71;4;4;4
1298;71;4;4;4
1299;71;4;4;4
1300;71;3;4;4
1301;71;4;4;4
1302;71;4;4;4
1303;71;4;4;4
1304;88;3;4;4
1305;88;3;4;4
1306;88;2;3;4
1307;88;4;4;4
1308;88;3;4;4
1309;90;3;3;4
1311;90;3;4;4
1312;90;4;4;4
1313;90;4;5;4
1314;90;4;4;4
1315;90;4;4;4
1316;90;4;5;4
1317;90;4;4;4
1318;90;3;4;4
1319;90;4;4;4
1320;90;4;4;4
1321;90;4;5;4
1322;90;3;4;4
1323;90;3;5;4
1324;91;4;4;4
1325;91;4;4;4
1326;91;3;3;4
1327;91;4;3;4
1328;91;4;4;4
1329;91;4;4;4
1330;91;4;4;4
1331;91;4;4;4
1332;92;3;3;4
1333;92;3;4;4
1334;92;2;3;4
1335;92;3;4;4
1336;92;1;3;4
1337;92;3;3;4
1338;92;3;4;4
1339;92;3;4;4
1340;92;3;4;4
1341;92;3;3;4
1342;92;2;4;4
1343;92;3;3;4
1344;92;3;3;4
1345;92;4;4;4
1346;92;4;4;4
1347;92;3;5;4
1348;92;3;3;4
1349;93;4;4;4
1350;93;4;4;4
1351;93;4;4;4
1352;93;3;4;4
1353;93;4;4;4
1354;93;4;4;4
1355;93;4;4;4
1356;93;4;4;4
1357;93;4;4;4
1358;93;4;3;4
1359;102;4;4;4
1360;102;4;3;4
1361;102;4;4;4
1362;102;4;5;4
1363;102;3;4;4
1364;102;3;4;4
1365;102;4;4;4
1366;104;4;4;4
1367;104;4;5;4
1368;104;3;4;4
1369;104;3;4;4
1370;104;4;4;4
1371;104;3;4;4
1372;104;4;4;4
1373;104;3;3;4
1374;105;4;5;4
1375;105;4;4;4
1376;105;4;4;4
1377;105;4;5;4
1378;105;4;4;4
1379;105;4;5;4
1380;105;4;4;4
