"Id_Stu_or";"Id_Stu_new"
697;1
698;2
699;3
700;4
701;5
702;6
703;7
704;8
705;9
706;10
707;11
708;12
709;13
735;14
736;15
737;16
739;17
740;18
741;19
742;20
743;21
744;22
745;23
746;24
747;25
1000;26
1001;27
1002;28
1004;29
1005;30
1006;31
1008;32
1011;33
1013;34
1014;35
1015;36
1016;37
1018;38
1019;39
1020;40
1021;41
1023;42
1024;43
1025;44
1026;45
1027;46
1028;47
1029;48
1030;49
1031;50
1032;51
1033;52
1034;53
1282;54
1283;55
1284;56
1285;57
1286;58
1287;59
1619;60
1620;61
1621;62
1622;63
1623;64
1624;65
1625;66
1626;67
1627;68
1628;69
1629;70
1630;71
1631;72
1632;73
1633;74
1634;75
1635;76
1636;77
1637;78
1638;79
1691;80
1692;81
1693;82
1694;83
1695;84
1696;85
1697;86
1698;87
1699;88
1700;89
1701;90
1702;91
1703;92
1704;93
1705;94
1706;95
1707;96
1708;97
1709;98
1710;99
1711;100
1712;101
1713;102
1714;103
1727;104
1728;105
1729;106
1730;107
1731;108
1732;109
1733;110
1734;111
1735;112
1736;113
1737;114
1738;115
1739;116
1740;117
1741;118
1742;119
1743;120
1745;121
1748;122
1750;123
1753;124
1754;125
1804;126
1805;127
1806;128
1807;129
1808;130
1809;131
1811;132
1812;133
2338;134
2339;135
2340;136
2341;137
2343;138
2344;139
2345;140
2346;141
2347;142
2348;143
2349;144
2633;145
2634;146
2635;147
2636;148
2637;149
2638;150
2639;151
2640;152
2641;153
2642;154
2643;155
2644;156
2645;157
2646;158
2647;159
2648;160
2649;161
2650;162
2651;163
2652;164
2653;165
2654;166
2655;167
2656;168
2657;169
2658;170
2659;171
2712;172
2713;173
2714;174
2715;175
2716;176
2717;177
2718;178
2719;179
2720;180
2722;181
2723;182
2724;183
2725;184
2726;185
2727;186
2728;187
2729;188
2730;189
2731;190
2732;191
2733;192
2734;193
2735;194
2736;195
2737;196
2738;197
2739;198
3193;199
3194;200
3195;201
3196;202
3197;203
3198;204
3199;205
3201;206
3202;207
3203;208
3204;209
3205;210
3206;211
3207;212
3208;213
3209;214
3210;215
3211;216
3212;217
3213;218
3215;219
3216;220
3217;221
3218;222
3219;223
3220;224
3221;225
3223;226
3224;227
3225;228
3226;229
3227;230
3229;231
3230;232
3231;233
3232;234
3287;235
3288;236
3289;237
3290;238
3292;239
3293;240
3294;241
3295;242
3296;243
3297;244
3298;245
3299;246
3300;247
3302;248
3303;249
3304;250
3305;251
3306;252
3307;253
3308;254
3309;255
3310;256
3312;257
3313;258
3315;259
3316;260
3317;261
3321;262
3322;263
3323;264
3324;265
3325;266
3326;267
3327;268
3328;269
3330;270
3334;271
3335;272
3336;273
3337;274
3338;275
3339;276
3340;277
3341;278
3342;279
3343;280
3344;281
3345;282
3346;283
3347;284
3348;285
3349;286
3350;287
3351;288
3352;289
3353;290
3354;291
3355;292
3356;293
3357;294
3358;295
3359;296
3360;297
3361;298
3362;299
3363;300
3364;301
3367;302
3368;303
3369;304
3370;305
3371;306
3372;307
3373;308
3541;309
3542;310
3543;311
3544;312
3545;313
3546;314
3547;315
3548;316
3549;317
3551;318
3552;319
3553;320
3554;321
3555;322
3556;323
3557;324
3558;325
3559;326
3560;327
3562;328
3563;329
3564;330
3565;331
3566;332
3567;333
3568;334
3569;335
3570;336
3571;337
3572;338
3573;339
3574;340
3575;341
3576;342
3577;343
3578;344
3579;345
3580;346
3581;347
3582;348
3583;349
3584;350
3585;351
3586;352
3587;353
3588;354
3589;355
3590;356
3591;357
3592;358
3593;359
3594;360
3595;361
3596;362
3597;363
3598;364
3599;365
3600;366
3601;367
3602;368
3603;369
3604;370
3605;371
3606;372
3607;373
3609;374
3610;375
3611;376
3612;377
3613;378
3614;379
3615;380
3617;381
3618;382
3619;383
3620;384
3621;385
3622;386
3623;387
4908;388
4909;389
4910;390
4911;391
4912;392
4913;393
5101;394
5103;395
5104;396
5105;397
5111;398
5112;399
5113;400
5114;401
5115;402
5116;403
5120;404
5121;405
5122;406
5123;407
5124;408
5125;409
5127;410
5129;411
5130;412
5131;413
5156;414
5157;415
5158;416
5160;417
5161;418
5162;419
5163;420
5164;421
5165;422
5167;423
5168;424
5169;425
5170;426
5171;427
5172;428
5173;429
5174;430
5175;431
5176;432
5177;433
5178;434
5179;435
5180;436
5181;437
5182;438
5183;439
5184;440
5185;441
5186;442
5187;443
5223;444
5224;445
5225;446
5226;447
5227;448
5228;449
5229;450
5231;451
5232;452
5233;453
5249;454
5250;455
5251;456
5252;457
5253;458
5254;459
5255;460
5256;461
5257;462
5258;463
5259;464
5260;465
5263;466
5264;467
5270;468
5271;469
5272;470
5273;471
5274;472
5314;473
5315;474
5316;475
5317;476
5318;477
5319;478
5320;479
5321;480
5322;481
5323;482
5324;483
5325;484
5326;485
5327;486
5328;487
5329;488
5330;489
5331;490
5445;491
5446;492
5448;493
5449;494
5450;495
5451;496
5452;497
6812;498
6817;499
6818;500
6819;501
6820;502
6821;503
6822;504
6880;505
6881;506
6883;507
6884;508
6885;509
6886;510
6887;511
6888;512
6889;513
6890;514
6891;515
6892;516
6893;517
6898;518
6899;519
6900;520
6901;521
6902;522
6903;523
6904;524
6905;525
6906;526
6907;527
6908;528
6909;529
6910;530
6911;531
6912;532
6913;533
6914;534
6915;535
6916;536
6917;537
7000;538
7002;539
7003;540
7004;541
7005;542
7006;543
7007;544
7008;545
7010;546
7011;547
7012;548
7013;549
7014;550
7015;551
7016;552
7017;553
7018;554
7019;555
7020;556
7021;557
7022;558
7023;559
7024;560
7025;561
7026;562
7027;563
7028;564
7029;565
7030;566
7031;567
7059;568
7060;569
7062;570
7063;571
7064;572
7065;573
7066;574
7067;575
7074;576
7075;577
7076;578
7077;579
7084;580
7085;581
7087;582
7088;583
7089;584
7090;585
7091;586
7092;587
7093;588
7094;589
7095;590
7096;591
7097;592
7099;593
7100;594
7101;595
7102;596
7103;597
7104;598
7105;599
7106;600
7108;601
7109;602
7110;603
7111;604
7112;605
7113;606
7114;607
7341;608
7343;609
7344;610
7345;611
7347;612
7348;613
7349;614
7350;615
7351;616
7352;617
7353;618
7358;619
7359;620
7360;621
7361;622
7362;623
7363;624
7364;625
7365;626
7366;627
7367;628
7368;629
7369;630
7370;631
7371;632
7372;633
7373;634
7374;635
7375;636
7376;637
7377;638
7378;639
7379;640
7385;641
7386;642
7387;643
7388;644
7389;645
7390;646
7391;647
7449;648
7450;649
7452;650
7453;651
7454;652
7455;653
7456;654
7457;655
7459;656
7460;657
7461;658
7462;659
7463;660
7564;661
7565;662
7566;663
7567;664
7568;665
7569;666
7570;667
7575;668
7576;669
7577;670
7578;671
7579;672
7580;673
7581;674
7586;675
7587;676
7588;677
7589;678
7590;679
7591;680
7592;681
7593;682
7594;683
7737;684
7738;685
7739;686
7740;687
7741;688
7742;689
7743;690
7744;691
7745;692
7746;693
7748;694
7749;695
7750;696
7751;697
7752;698
7753;699
7754;700
7799;701
7801;702
7802;703
7803;704
7804;705
7805;706
7806;707
7807;708
7808;709
7809;710
7810;711
7930;712
7931;713
7932;714
7933;715
7934;716
7935;717
7936;718
7937;719
7938;720
7939;721
7940;722
7986;723
7987;724
7988;725
7989;726
7990;727
7991;728
7992;729
7993;730
7994;731
7995;732
7996;733
7997;734
7998;735
7999;736
8000;737
8001;738
8002;739
8004;740
8005;741
8006;742
8008;743
8009;744
8084;745
8085;746
8086;747
8087;748
8089;749
8090;750
8091;751
8092;752
8093;753
8125;754
8127;755
8128;756
8130;757
8132;758
8133;759
8134;760
8135;761
8136;762
8137;763
8138;764
8139;765
8140;766
8178;767
8179;768
8180;769
8181;770
8182;771
8183;772
8186;773
8187;774
8188;775
8189;776
8190;777
8191;778
8192;779
8195;780
8196;781
8197;782
8198;783
8199;784
8200;785
8201;786
8202;787
8203;788
8204;789
8205;790
8206;791
8207;792
8208;793
8209;794
8210;795
8211;796
8212;797
8213;798
8214;799
8215;800
8216;801
8218;802
8261;803
8262;804
8263;805
8264;806
8265;807
8266;808
8267;809
8268;810
8269;811
8270;812
8271;813
8272;814
8273;815
8274;816
8275;817
8276;818
8277;819
8278;820
8279;821
8280;822
8281;823
8282;824
8283;825
8284;826
8285;827
8286;828
8287;829
8288;830
8289;831
8290;832
8291;833
8292;834
8293;835
8294;836
8295;837
8296;838
8297;839
8298;840
8299;841
8300;842
8301;843
8355;844
8356;845
8358;846
8359;847
8360;848
8361;849
8362;850
8363;851
8364;852
8365;853
8396;854
8398;855
8399;856
8400;857
8401;858
8402;859
8403;860
8406;861
8407;862
8411;863
8412;864
8413;865
8414;866
8415;867
8442;868
8443;869
8444;870
8446;871
8447;872
8448;873
8449;874
8450;875
8451;876
8452;877
8453;878
8454;879
8455;880
8456;881
8457;882
8458;883
8459;884
8484;885
8485;886
8486;887
8487;888
8488;889
8489;890
8490;891
8491;892
8492;893
8493;894
8494;895
8495;896
8496;897
8555;898
8556;899
8557;900
8558;901
8559;902
8560;903
8561;904
8562;905
8563;906
8564;907
8565;908
8566;909
8567;910
8568;911
8569;912
8571;913
8572;914
8573;915
8574;916
8575;917
8576;918
8577;919
8578;920
8579;921
8580;922
8581;923
8582;924
8583;925
8584;926
8585;927
8586;928
8587;929
8588;930
8590;931
8591;932
8592;933
8593;934
8594;935
8595;936
8596;937
8597;938
8598;939
8601;940
8602;941
8603;942
8604;943
8605;944
8606;945
8607;946
8608;947
8609;948
8610;949
8611;950
8612;951
8614;952
8615;953
8616;954
8617;955
8618;956
8619;957
8620;958
8621;959
8622;960
8623;961
8624;962
8625;963
8626;964
8627;965
8628;966
8629;967
8630;968
8631;969
8632;970
8634;971
8635;972
8636;973
8637;974
8638;975
8639;976
8640;977
8641;978
8642;979
8643;980
8644;981
8645;982
8646;983
8647;984
8648;985
8649;986
8650;987
8651;988
8652;989
8653;990
8654;991
8655;992
8656;993
8657;994
8658;995
8659;996
8660;997
8661;998
8662;999
8663;1000
8664;1001
8665;1002
8676;1003
8677;1004
8678;1005
8679;1006
8680;1007
8681;1008
8682;1009
8683;1010
8684;1011
8685;1012
8686;1013
8689;1014
8690;1015
8691;1016
8692;1017
8693;1018
8694;1019
8695;1020
8696;1021
8697;1022
8698;1023
8699;1024
8700;1025
8701;1026
8702;1027
8703;1028
8704;1029
8705;1030
8706;1031
8707;1032
8708;1033
8709;1034
8710;1035
8711;1036
8712;1037
8713;1038
8714;1039
8715;1040
8716;1041
8717;1042
8718;1043
8719;1044
8720;1045
8721;1046
8722;1047
8723;1048
8724;1049
8725;1050
9295;1051
9297;1052
9299;1053
9300;1054
9301;1055
9302;1056
9303;1057
9304;1058
9336;1059
9337;1060
9338;1061
9339;1062
9340;1063
9341;1064
9342;1065
9343;1066
9344;1067
9345;1068
11846;1069
11847;1070
11848;1071
11849;1072
11850;1073
12014;1074
12016;1075
12017;1076
12018;1077
12019;1078
12020;1079
12022;1080
12023;1081
12051;1082
12052;1083
12056;1084
12057;1085
12058;1086
12059;1087
12060;1088
12061;1089
12062;1090
12063;1091
12064;1092
12065;1093
12144;1094
12145;1095
12146;1096
12149;1097
12150;1098
12151;1099
12152;1100
12153;1101
12154;1102
12155;1103
12156;1104
12157;1105
12158;1106
12159;1107
12160;1108
12161;1109
12162;1110
12163;1111
12362;1112
12365;1113
12366;1114
12367;1115
12368;1116
12369;1117
12370;1118
12371;1119
12372;1120
12373;1121
12374;1122
12375;1123
12376;1124
12377;1125
12382;1126
12383;1127
12386;1128
12387;1129
12388;1130
12389;1131
12446;1132
12448;1133
12450;1134
12451;1135
12452;1136
12453;1137
12458;1138
12459;1139
12462;1140
12463;1141
12464;1142
12465;1143
12466;1144
12467;1145
12468;1146
12469;1147
12470;1148
12472;1149
12473;1150
12474;1151
12475;1152
12476;1153
12477;1154
12478;1155
12479;1156
12480;1157
12481;1158
12482;1159
12484;1160
12485;1161
12486;1162
12487;1163
12488;1164
12489;1165
12490;1166
12491;1167
12492;1168
12493;1169
12494;1170
12495;1171
12496;1172
12497;1173
12498;1174
12499;1175
12500;1176
12501;1177
12502;1178
12503;1179
12504;1180
12505;1181
12506;1182
12507;1183
12508;1184
12622;1185
12623;1186
12624;1187
12625;1188
12626;1189
12628;1190
12629;1191
12630;1192
12774;1193
12775;1194
12778;1195
12779;1196
12780;1197
12781;1198
12782;1199
12783;1200
12784;1201
12785;1202
12786;1203
12787;1204
12788;1205
12789;1206
12790;1207
12926;1208
12927;1209
12928;1210
12929;1211
12930;1212
12931;1213
12932;1214
12933;1215
12934;1216
12935;1217
12936;1218
12937;1219
12938;1220
12939;1221
12940;1222
12941;1223
12942;1224
12943;1225
13096;1226
13097;1227
13099;1228
13100;1229
13101;1230
13102;1231
13103;1232
13104;1233
13146;1234
13150;1235
13151;1236
13152;1237
13154;1238
13247;1239
13248;1240
13249;1241
13250;1242
13251;1243
13252;1244
13253;1245
13254;1246
13256;1247
13257;1248
13258;1249
13259;1250
13260;1251
13261;1252
13262;1253
13263;1254
13264;1255
13265;1256
13747;1257
13748;1258
13749;1259
13750;1260
13751;1261
13754;1262
13755;1263
13756;1264
13757;1265
13758;1266
14035;1267
14036;1268
14037;1269
14038;1270
14039;1271
14040;1272
14041;1273
14042;1274
14225;1275
14227;1276
14228;1277
14229;1278
14230;1279
14231;1280
14232;1281
14234;1282
14235;1283
14236;1284
14237;1285
14238;1286
14239;1287
14547;1288
14548;1289
14549;1290
14550;1291
14551;1292
14552;1293
14553;1294
14554;1295
14555;1296
14556;1297
14557;1298
14558;1299
14559;1300
14560;1301
14561;1302
14562;1303
15297;1304
15298;1305
15299;1306
15300;1307
15301;1308
15573;1309
15574;1310
15575;1311
15576;1312
15577;1313
15578;1314
15579;1315
15580;1316
15581;1317
15582;1318
15583;1319
15584;1320
15585;1321
15586;1322
15587;1323
15923;1324
15924;1325
15925;1326
15926;1327
15927;1328
15928;1329
15929;1330
15930;1331
15933;1332
15934;1333
15935;1334
15936;1335
15937;1336
15938;1337
15939;1338
15940;1339
15941;1340
15942;1341
15943;1342
15944;1343
15945;1344
15946;1345
15947;1346
15948;1347
15949;1348
16051;1349
16052;1350
16053;1351
16054;1352
16056;1353
16057;1354
16058;1355
16059;1356
16060;1357
16061;1358
16302;1359
16304;1360
16306;1361
16307;1362
16308;1363
16309;1364
16310;1365
16312;1366
16313;1367
16314;1368
16315;1369
16316;1370
16317;1371
16318;1372
16320;1373
16322;1374
16323;1375
16324;1376
16325;1377
16326;1378
16327;1379
16328;1380
